-481.942	1	1023.72
-481.942	1	1023.72
-40.5822	0.998999	812.311
-28.829	0.997998	739.444
-23.3146	0.996997	691.334
-19.9895	0.995996	655.411
-17.6529	0.994995	625.867
-15.8518	0.993994	599.891
-14.5107	0.992993	578.326
-13.4597	0.991992	559.815
-12.59	0.990991	543.25
-11.8626	0.98999	528.417
-11.2442	0.988989	515.023
-10.7233	0.987988	503.097
-10.2807	0.986987	492.465
-9.90069	0.985986	482.939
-9.55299	0.984985	473.869
-9.22755	0.983984	465.05
-8.95917	0.982983	457.523
-8.71118	0.981982	450.351
-8.47004	0.980981	443.161
-8.2508	0.97998	436.429
-8.05675	0.978979	430.308
-7.88078	0.977978	424.613
-7.71788	0.976977	419.216
-7.55868	0.975976	413.824
-7.41658	0.974975	408.898
-7.28396	0.973974	404.21
-7.15946	0.972973	399.719
-7.04483	0.971972	395.512
-6.93263	0.970971	391.315
-6.82732	0.96997	387.309
-6.72641	0.968969	383.406
-6.62879	0.967968	379.57
-6.53658	0.966967	375.885
-6.45047	0.965966	372.392
-6.36507	0.964965	368.875
-6.28488	0.963964	365.525
-6.2101	0.962963	362.36
-6.13696	0.961962	359.221
-6.06752	0.960961	356.203
-6.00078	0.95996	353.267
-5.93626	0.958959	350.388
-5.87678	0.957958	347.711
-5.819	0.956957	345.075
-5.75878	0.955956	342.3
-5.70538	0.954955	339.808
-5.65432	0.953954	337.399
-5.6025	0.952953	334.928
-5.55544	0.951952	332.664
-5.50603	0.950951	330.263
-5.45916	0.94995	327.961
-5.41472	0.948949	325.759
-5.37309	0.947948	323.677
-5.33074	0.946947	321.54
-5.28767	0.945946	319.346
-5.24556	0.944945	317.179
-5.2049	0.943944	315.066
-5.16638	0.942943	313.05
-5.12907	0.941942	311.077
-5.09386	0.940941	309.197
-5.05908	0.93994	307.326
-5.02433	0.938939	305.444
-4.99075	0.937938	303.607
-4.95792	0.936937	301.798
-4.92506	0.935936	299.973
-4.8944	0.934935	298.259
-4.86366	0.933934	296.524
-4.83406	0.932933	294.845
-4.80551	0.931932	293.209
-4.77834	0.930931	291.641
-4.75053	0.92993	290.026
-4.72361	0.928929	288.451
-4.69764	0.927928	286.921
-4.67207	0.926927	285.403
-4.6478	0.925926	283.954
-4.62308	0.924925	282.466
-4.6003	0.923924	281.086
-4.57724	0.922923	279.678
-4.5544	0.921922	278.276
-4.532	0.920921	276.892
-4.51062	0.91992	275.562
-4.48895	0.918919	274.206
-4.46726	0.917918	272.84
-4.44619	0.916917	271.508
-4.42576	0.915916	270.208
-4.40516	0.914915	268.888
-4.38441	0.913914	267.55
-4.36488	0.912913	266.284
-4.34608	0.911912	265.056
-4.32773	0.910911	263.851
-4.30975	0.90991	262.666
-4.29303	0.908909	261.554
-4.27367	0.907908	260.261
-4.2566	0.906907	259.115
-4.23975	0.905906	257.978
-4.22263	0.904905	256.814
-4.20598	0.903904	255.675
-4.19012	0.902903	254.588
-4.17477	0.901902	253.53
-4.15996	0.900901	252.504
-4.14577	0.8999	251.518
-4.13058	0.898899	250.454
-4.11517	0.897898	249.367
-4.1005	0.896897	248.33
-4.08611	0.895896	247.308
-4.07144	0.894895	246.26
-4.05755	0.893894	245.263
-4.044	0.892893	244.284
-4.03029	0.891892	243.292
-4.0163	0.890891	242.274
-4.00375	0.88989	241.354
-3.99022	0.888889	240.358
-3.97748	0.887888	239.417
-3.96444	0.886887	238.448
-3.95142	0.885886	237.476
-3.93922	0.884885	236.56
-3.92702	0.883884	235.643
-3.91493	0.882883	234.727
-3.90321	0.881882	233.835
-3.89156	0.880881	232.946
-3.88	0.87988	232.059
-3.8683	0.87888	231.157
-3.85781	0.877878	230.343
-3.84653	0.876877	229.465
-3.83583	0.875876	228.632
-3.82571	0.874875	227.838
-3.81466	0.873874	226.967
-3.80434	0.872873	226.146
-3.79442	0.871872	225.356
-3.78423	0.870871	224.539
-3.77369	0.86987	223.696
-3.76393	0.868869	222.907
-3.75416	0.867868	222.114
-3.74349	0.866867	221.244
-3.73409	0.865866	220.475
-3.72499	0.864865	219.726
-3.71564	0.863864	218.956
-3.70597	0.862863	218.153
-3.69697	0.861862	217.403
-3.68781	0.860861	216.638
-3.67869	0.85986	215.872
-3.67	0.858859	215.139
-3.66107	0.857858	214.384
-3.65259	0.856857	213.663
-3.64432	0.855856	212.956
-3.63544	0.854855	212.194
-3.62773	0.853854	211.531
-3.61966	0.852853	210.833
-3.61163	0.851852	210.136
-3.60358	0.850851	209.434
-3.59536	0.84985	208.715
-3.58769	0.848849	208.039
-3.58057	0.847848	207.412
-3.57284	0.846847	206.728
-3.56482	0.845846	206.014
-3.55738	0.844845	205.348
-3.54979	0.843844	204.667
-3.54242	0.842843	204
-3.53508	0.841842	203.336
-3.5276	0.840841	202.655
-3.52027	0.83984	201.986
-3.51362	0.838839	201.375
-3.50641	0.837838	200.711
-3.49935	0.836837	200.058
-3.49246	0.835836	199.418
-3.48558	0.834835	198.777
-3.47904	0.833834	198.163
-3.47217	0.832833	197.516
-3.46584	0.831833	196.918
-3.45944	0.830831	196.309
-3.45335	0.82983	195.729
-3.44693	0.828829	195.113
-3.44089	0.827828	194.532
-3.43469	0.826827	193.932
-3.42874	0.825826	193.353
-3.42239	0.824826	192.734
-3.41638	0.823824	192.147
-3.41063	0.822823	191.582
-3.4047	0.821822	190.997
-3.39854	0.820821	190.384
-3.39304	0.81982	189.837
-3.38746	0.818819	189.277
-3.38175	0.817818	188.701
-3.37644	0.816817	188.165
-3.37142	0.815816	187.657
-3.36624	0.814815	187.129
-3.36071	0.813814	186.562
-3.35581	0.812813	186.058
-3.35051	0.811812	185.511
-3.34514	0.810811	184.952
-3.34021	0.80981	184.437
-3.33513	0.808809	183.904
-3.33002	0.807808	183.366
-3.32495	0.806807	182.83
-3.32028	0.805806	182.332
-3.31546	0.804805	181.815
-3.31087	0.803805	181.323
-3.30619	0.802803	180.816
-3.30191	0.801802	180.351
-3.29744	0.800801	179.864
-3.29286	0.7998	179.361
-3.28833	0.798799	178.862
-3.28396	0.797798	178.376
-3.27998	0.796798	177.933
-3.27572	0.795796	177.455
-3.27156	0.794795	176.985
-3.26751	0.793794	176.524
-3.26334	0.792793	176.048
-3.25922	0.791792	175.574
-3.25521	0.790791	175.11
-3.2514	0.78979	174.666
-3.24745	0.788789	174.203
-3.24362	0.787788	173.751
-3.23965	0.786787	173.279
-3.23592	0.785786	172.831
-3.23229	0.784785	172.391
-3.22883	0.783784	171.967
-3.22543	0.782783	171.547
-3.22197	0.781782	171.116
-3.21871	0.780781	170.704
-3.21572	0.77978	170.32
-3.21269	0.778779	169.929
-3.20981	0.777778	169.55
-3.20692	0.776777	169.165
-3.20415	0.775776	168.789
-3.20157	0.774775	168.429
-3.19908	0.773774	168.07
-3.19673	0.772773	167.719
-3.19473	0.771772	167.406
-3.19292	0.770772	167.1
-3.19146	0.76977	166.826
-3.19044	0.76877	166.587
-3.19001	0.767769	166.39
-3.18583	0.766767	165.935
-3.18175	0.765766	165.488
-3.17762	0.764765	165.033
-3.17346	0.763764	164.573
-3.16924	0.762764	164.103
-3.16547	0.761762	163.681
-3.16153	0.760762	163.237
-3.15766	0.75976	162.798
-3.15373	0.758759	162.351
-3.15002	0.757758	161.927
-3.14632	0.756757	161.5
-3.14241	0.755756	161.047
-3.13851	0.754755	160.592
-3.1347	0.753754	160.142
-3.13108	0.752753	159.715
-3.12758	0.751752	159.298
-3.12421	0.750751	158.893
-3.12093	0.74975	158.496
-3.11734	0.748749	158.058
-3.1139	0.747748	157.636
-3.11042	0.746747	157.205
-3.10704	0.745746	156.781
-3.10369	0.744745	156.358
-3.10061	0.743745	155.964
-3.09747	0.742743	155.558
-3.0942	0.741742	155.13
-3.09109	0.740741	154.719
-3.08801	0.73974	154.304
-3.08527	0.738739	153.93
-3.0825	0.737738	153.546
-3.07976	0.736737	153.158
-3.07709	0.735736	152.773
-3.07462	0.734735	152.406
-3.07215	0.733734	152.029
-3.06975	0.732733	151.643
-3.06754	0.731732	151.258
-3.06584	0.730731	150.897
-3.06357	0.72973	150.515
-3.06069	0.728729	150.135
-3.05793	0.727728	149.762
-3.05522	0.726727	149.386
-3.05255	0.725726	148.998
-3.05003	0.724725	148.608
-3.04773	0.723724	148.201
-3.04608	0.722723	147.793
-3.04295	0.721722	147.454
-3.03981	0.720721	147.111
-3.03667	0.71972	146.767
-3.03348	0.718719	146.416
-3.03043	0.717718	146.077
-3.02758	0.716717	145.76
-3.02459	0.715716	145.423
-3.02166	0.714715	145.091
-3.0188	0.713714	144.766
-3.01589	0.712713	144.433
-3.01305	0.711712	144.104
-3.01032	0.710711	143.786
-3.00755	0.70971	143.461
-3.00491	0.708709	143.148
-3.00239	0.707709	142.846
-2.9999	0.706707	142.544
-2.9976	0.705707	142.262
-2.99522	0.704705	141.969
-2.99293	0.703704	141.682
-2.9906	0.702703	141.38
-2.98847	0.701702	141.102
-2.98645	0.700701	140.833
-2.98461	0.6997	140.581
-2.98275	0.698699	140.313
-2.98119	0.697698	140.079
-2.97975	0.696697	139.842
-2.97871	0.695696	139.638
-2.97822	0.694695	139.478
-2.97539	0.693694	139.16
-2.97232	0.692693	138.829
-2.96915	0.691692	138.484
-2.96604	0.690691	138.143
-2.96296	0.689691	137.801
-2.95997	0.688689	137.468
-2.95698	0.687688	137.131
-2.95414	0.686687	136.807
-2.9514	0.685686	136.49
-2.94862	0.684685	136.164
-2.94578	0.683684	135.825
-2.94308	0.682683	135.497
-2.94059	0.681682	135.187
-2.93812	0.680681	134.869
-2.9359	0.67968	134.565
-2.93386	0.678679	134.256
-2.93252	0.677678	133.966
-2.92953	0.676677	133.64
-2.92633	0.675676	133.315
-2.92292	0.674675	132.971
-2.91956	0.673674	132.629
-2.91645	0.672673	132.312
-2.91308	0.671672	131.968
-2.90987	0.670671	131.637
-2.90691	0.66967	131.332
-2.90392	0.668669	131.024
-2.90088	0.667669	130.708
-2.89763	0.666667	130.371
-2.89486	0.665666	130.081
-2.8919	0.664665	129.771
-2.88911	0.663664	129.477
-2.88608	0.662663	129.156
-2.88332	0.661662	128.863
-2.88041	0.660661	128.553
-2.87764	0.65966	128.256
-2.87476	0.658659	127.948
-2.87222	0.657658	127.675
-2.86954	0.656658	127.384
-2.86679	0.655656	127.084
-2.86398	0.654655	126.779
-2.86133	0.653654	126.489
-2.85845	0.652653	126.173
-2.85589	0.651652	125.89
-2.85336	0.650651	125.609
-2.85071	0.649651	125.314
-2.848	0.648649	125.011
-2.84521	0.647648	124.697
-2.84249	0.646647	124.39
-2.84005	0.645646	124.113
-2.83767	0.644645	123.843
-2.83527	0.643644	123.569
-2.83266	0.642643	123.269
-2.8302	0.641642	122.986
-2.82778	0.640641	122.706
-2.82533	0.63964	122.421
-2.82294	0.638639	122.143
-2.82036	0.63764	121.839
-2.81793	0.636637	121.553
-2.81567	0.635636	121.283
-2.81338	0.634635	121.011
-2.81116	0.633634	120.744
-2.8089	0.632633	120.47
-2.80657	0.631632	120.187
-2.80443	0.630631	119.927
-2.80224	0.62963	119.658
-2.79994	0.628629	119.375
-2.7978	0.627628	119.11
-2.79574	0.626627	118.852
-2.79364	0.625626	118.588
-2.79134	0.624625	118.299
-2.78932	0.623624	118.042
-2.78723	0.622623	117.774
-2.78522	0.621622	117.514
-2.78314	0.620621	117.243
-2.78103	0.61962	116.966
-2.77906	0.618619	116.706
-2.77705	0.617618	116.436
-2.77496	0.616617	116.155
-2.77296	0.615616	115.883
-2.77095	0.614617	115.605
-2.76899	0.613614	115.33
-2.76721	0.612614	115.077
-2.76537	0.611612	114.81
-2.76353	0.610611	114.536
-2.76184	0.60961	114.28
-2.76025	0.608609	114.03
-2.75875	0.607609	113.782
-2.75727	0.606607	113.513
-2.75616	0.605606	113.243
-2.75443	0.604605	112.989
-2.75237	0.603604	112.733
-2.75054	0.602603	112.503
-2.74866	0.601602	112.268
-2.74671	0.600601	112.02
-2.74475	0.5996	111.768
-2.74289	0.598599	111.528
-2.74109	0.597599	111.294
-2.73921	0.596597	111.048
-2.7374	0.595596	110.809
-2.73568	0.594595	110.578
-2.73389	0.593594	110.335
-2.73219	0.592596	110.102
-2.73047	0.591592	109.86
-2.72881	0.590591	109.624
-2.72712	0.58959	109.377
-2.72553	0.588589	109.136
-2.72401	0.587588	108.892
-2.72265	0.586588	108.628
-2.72116	0.585586	108.399
-2.71943	0.584585	108.183
-2.71763	0.583584	107.958
-2.71595	0.582583	107.747
-2.71434	0.581582	107.542
-2.71261	0.580581	107.321
-2.71098	0.57958	107.112
-2.70943	0.578579	106.913
-2.70785	0.577579	106.707
-2.70627	0.576577	106.5
-2.70462	0.575577	106.283
-2.70316	0.574575	106.088
-2.70169	0.573574	105.889
-2.70031	0.572573	105.703
-2.69886	0.571572	105.504
-2.69753	0.570573	105.318
-2.6962	0.56957	105.133
-2.69497	0.568569	104.958
-2.69371	0.567568	104.775
-2.69255	0.566567	104.604
-2.69145	0.565566	104.437
-2.69048	0.564565	104.283
-2.68966	0.563565	104.142
-2.68918	0.562568	104.028
-2.68752	0.561564	103.808
-2.68587	0.560562	103.589
-2.68417	0.559561	103.365
-2.68254	0.558559	103.145
-2.68101	0.557558	102.938
-2.67946	0.556559	102.725
-2.67788	0.555557	102.507
-2.67635	0.554556	102.291
-2.67484	0.553554	102.077
-2.67337	0.552553	101.866
-2.67201	0.551552	101.667
-2.67058	0.550551	101.456
-2.66927	0.54955	101.257
-2.66801	0.548549	101.063
-2.6667	0.54755	100.856
-2.6655	0.546547	100.664
-2.66434	0.545546	100.47
-2.66318	0.544545	100.269
-2.66209	0.543544	100.072
-2.66111	0.542543	99.8808
-2.66027	0.541543	99.6911
-2.65963	0.540541	99.4937
-2.65866	0.539541	99.3395
-2.65799	0.538539	99.2067
-2.65667	0.537538	99.0226
-2.65483	0.536538	98.7966
-2.65306	0.535536	98.5773
-2.65139	0.534535	98.3676
-2.64964	0.533534	98.1469
-2.64801	0.532533	97.9381
-2.64633	0.531532	97.7205
-2.64476	0.530531	97.5141
-2.64329	0.52953	97.3171
-2.64184	0.528529	97.1189
-2.64039	0.527528	96.9179
-2.63907	0.526527	96.7304
-2.63782	0.525526	96.5469
-2.63665	0.524528	96.3673
-2.63552	0.523525	96.1843
-2.63469	0.522523	96.0314
-2.63373	0.521523	95.8631
-2.63217	0.520521	95.6405
-2.63073	0.51952	95.4145
-2.62969	0.518519	95.2092
-2.62815	0.517518	94.9873
-2.62601	0.516518	94.7543
-2.62376	0.515516	94.5087
-2.6215	0.514515	94.2603
-2.61934	0.513515	94.0208
-2.61722	0.512513	93.7833
-2.61509	0.511512	93.5432
-2.61284	0.510511	93.2874
-2.61079	0.50951	93.0509
-2.60873	0.508509	92.8134
-2.60677	0.507508	92.5829
-2.60477	0.506507	92.3489
-2.60294	0.505506	92.1288
-2.60108	0.504505	91.9034
-2.59926	0.503504	91.6777
-2.59755	0.502503	91.4633
-2.59578	0.501502	91.237
-2.59407	0.500501	91.0113
-2.59247	0.4995	90.7918
-2.59103	0.498499	90.5835
-2.58977	0.497498	90.3846
-2.58883	0.496497	90.1961
-2.5873	0.495496	89.9814
-2.58506	0.494495	89.74
-2.58289	0.493494	89.5036
-2.58058	0.492493	89.2488
-2.5786	0.491492	89.0289
-2.57646	0.490491	88.7889
-2.5744	0.48949	88.5578
-2.57239	0.488489	88.3282
-2.57037	0.487489	88.0957
-2.56844	0.486487	87.8715
-2.56659	0.485488	87.6528
-2.56471	0.484485	87.4299
-2.56283	0.483484	87.2023
-2.5609	0.482483	86.9662
-2.559	0.481482	86.7287
-2.55726	0.480481	86.5077
-2.55555	0.47948	86.2857
-2.55399	0.478479	86.0765
-2.55249	0.477478	85.8687
-2.55112	0.476477	85.6712
-2.5499	0.475476	85.4852
-2.54883	0.474475	85.303
-2.54782	0.473474	85.119
-2.5469	0.472474	84.9232
-2.54502	0.471472	84.6898
-2.54268	0.470471	84.4399
-2.54026	0.46947	84.1784
-2.53798	0.468469	83.9287
-2.53569	0.467468	83.6728
-2.53342	0.466467	83.4134
-2.53131	0.465466	83.1651
-2.52915	0.464465	82.9009
-2.52717	0.463464	82.644
-2.52539	0.462463	82.3791
-2.52369	0.461463	82.1043
-2.52113	0.460461	81.859
-2.5187	0.45946	81.6258
-2.51644	0.45846	81.4068
-2.51404	0.457458	81.1747
-2.51174	0.456457	80.9479
-2.50929	0.455456	80.7064
-2.50701	0.454456	80.4792
-2.50477	0.453454	80.2544
-2.50253	0.452453	80.0274
-2.50045	0.451452	79.8145
-2.49828	0.450451	79.5914
-2.49612	0.44945	79.3663
-2.494	0.448449	79.1426
-2.49191	0.447448	78.9149
-2.48999	0.446447	78.7019
-2.48804	0.445446	78.4753
-2.48652	0.444446	78.2673
-2.48438	0.443444	78.0368
-2.48204	0.442443	77.8114
-2.47969	0.441442	77.583
-2.47732	0.440441	77.3519
-2.47511	0.43944	77.1355
-2.47279	0.438439	76.907
-2.47055	0.437438	76.6857
-2.46829	0.436437	76.4613
-2.46605	0.435437	76.2362
-2.46394	0.434435	76.0239
-2.46167	0.433434	75.7935
-2.45958	0.432433	75.5806
-2.4574	0.431432	75.3582
-2.4554	0.430431	75.151
-2.45333	0.42943	74.9368
-2.45122	0.42843	74.7164
-2.44928	0.427428	74.5121
-2.44717	0.426427	74.2902
-2.44519	0.425426	74.0798
-2.44324	0.424425	73.8703
-2.44139	0.423424	73.6698
-2.43955	0.422424	73.4694
-2.43764	0.421422	73.2582
-2.43567	0.420421	73.0398
-2.43386	0.41942	72.8361
-2.43207	0.41842	72.6326
-2.43018	0.417418	72.4146
-2.42853	0.416417	72.2205
-2.42693	0.415416	72.0285
-2.42529	0.414415	71.8274
-2.42381	0.413414	71.6379
-2.4224	0.412413	71.4498
-2.42122	0.411413	71.2753
-2.42032	0.410411	71.1023
-2.41865	0.40941	70.9056
-2.4166	0.408409	70.6985
-2.41443	0.407408	70.4764
-2.41226	0.406407	70.2552
-2.41025	0.405406	70.0471
-2.40814	0.404405	69.8309
-2.40606	0.403404	69.6142
-2.40402	0.402403	69.3993
-2.40198	0.401402	69.1855
-2.39992	0.400401	68.9673
-2.39788	0.3994	68.7511
-2.39589	0.3984	68.5395
-2.39391	0.397398	68.3272
-2.39192	0.396397	68.1114
-2.38995	0.395396	67.8974
-2.38797	0.394395	67.6808
-2.38614	0.393394	67.4784
-2.38428	0.392394	67.2728
-2.38237	0.391392	67.0612
-2.38051	0.390391	66.8538
-2.37868	0.389391	66.6479
-2.37676	0.388389	66.4317
-2.37489	0.387388	66.2191
-2.37304	0.386387	66.0061
-2.3713	0.385386	65.8057
-2.36949	0.384385	65.5954
-2.36779	0.383384	65.3964
-2.36614	0.382383	65.2033
-2.36434	0.381382	64.99
-2.36275	0.380381	64.8002
-2.36113	0.37938	64.605
-2.35947	0.378379	64.4045
-2.35788	0.377378	64.2103
-2.35621	0.376377	64.0057
-2.35465	0.375376	63.8119
-2.35311	0.374375	63.6192
-2.35155	0.373374	63.4233
-2.35008	0.372373	63.2367
-2.34849	0.371372	63.0332
-2.34697	0.370372	62.8368
-2.34551	0.36937	62.6458
-2.344	0.368369	62.4472
-2.34262	0.367368	62.2624
-2.34118	0.366367	62.07
-2.33971	0.365367	61.8704
-2.33835	0.364365	61.6829
-2.33695	0.363365	61.4878
-2.33562	0.362363	61.3006
-2.33429	0.361362	61.1106
-2.33302	0.360361	60.9261
-2.33175	0.35936	60.7383
-2.33044	0.358361	60.5438
-2.32925	0.357358	60.3614
-2.32806	0.356357	60.1785
-2.32698	0.355356	60.0056
-2.3259	0.354355	59.8325
-2.32479	0.353354	59.6468
-2.32385	0.352353	59.4846
-2.32292	0.351352	59.3186
-2.32204	0.350352	59.1516
-2.32131	0.349352	58.9989
-2.32081	0.34835	58.8606
-2.31981	0.347348	58.6875
-2.31871	0.346348	58.507
-2.31776	0.345346	58.3392
-2.31704	0.344345	58.1794
-2.31582	0.343344	57.9916
-2.31457	0.342343	57.8055
-2.31338	0.341342	57.6148
-2.31244	0.340341	57.4402
-2.31103	0.33934	57.2461
-2.30961	0.338339	57.0451
-2.30821	0.337338	56.8394
-2.30694	0.336338	56.643
-2.30584	0.335336	56.4626
-2.30479	0.334335	56.2714
-2.304	0.333334	56.0976
-2.30308	0.332333	55.9
-2.30136	0.331332	55.6651
-2.29931	0.330331	55.4418
-2.29733	0.32933	55.2235
-2.29545	0.32833	55.0139
-2.29359	0.327328	54.8039
-2.2917	0.326327	54.5862
-2.28991	0.325326	54.3797
-2.28813	0.324325	54.1707
-2.28639	0.323324	53.9627
-2.28458	0.322323	53.742
-2.28284	0.321322	53.5255
-2.2812	0.320321	53.3157
-2.27963	0.31932	53.1105
-2.2781	0.318319	52.9032
-2.27665	0.317318	52.7011
-2.27529	0.316317	52.5035
-2.27407	0.315316	52.3127
-2.27297	0.314315	52.1234
-2.27212	0.313314	51.9435
-2.27111	0.312313	51.7562
-2.26954	0.311312	51.5426
-2.2683	0.310311	51.3291
-2.26614	0.30931	51.1091
-2.26408	0.308309	50.8961
-2.26209	0.307308	50.6849
-2.25999	0.306307	50.4578
-2.25802	0.305306	50.2392
-2.25613	0.304305	50.0228
-2.25433	0.303304	49.809
-2.25268	0.302303	49.6036
-2.25104	0.301302	49.3812
-2.24965	0.300301	49.1642
-2.24839	0.2993	48.939
-2.2475	0.298299	48.7754
-2.24486	0.297298	48.5523
-2.24221	0.296297	48.3272
-2.23979	0.295296	48.1202
-2.23741	0.294295	47.9143
-2.23489	0.293295	47.6951
-2.23248	0.292293	47.4837
-2.23014	0.291292	47.2781
-2.22776	0.290291	47.0674
-2.22535	0.28929	46.8516
-2.2232	0.288289	46.6579
-2.22085	0.287288	46.4448
-2.21854	0.286287	46.233
-2.21629	0.285286	46.0248
-2.2141	0.284285	45.821
-2.21186	0.283284	45.6106
-2.20969	0.282283	45.4046
-2.20748	0.281282	45.1946
-2.20534	0.280281	44.9871
-2.20318	0.27928	44.7763
-2.20111	0.27828	44.5715
-2.19905	0.277278	44.3647
-2.19711	0.276277	44.1672
-2.19528	0.275276	43.9772
-2.19336	0.274275	43.7749
-2.19154	0.273274	43.5773
-2.18988	0.272273	43.391
-2.18818	0.271273	43.1921
-2.18682	0.270271	43.0132
-2.18551	0.26927	42.8265
-2.18337	0.268269	42.6241
-2.18138	0.267268	42.4318
-2.17934	0.266267	42.2348
-2.17722	0.265266	42.0268
-2.17531	0.264265	41.8377
-2.17325	0.263264	41.6304
-2.17135	0.262263	41.4378
-2.16932	0.261262	41.2299
-2.16747	0.260261	41.0355
-2.1655	0.25926	40.8258
-2.16367	0.258259	40.6265
-2.1618	0.257258	40.4187
-2.1602	0.256258	40.233
-2.15855	0.255256	40.0274
-2.15733	0.254255	39.8388
-2.15554	0.253254	39.6414
-2.15337	0.252253	39.4292
-2.15128	0.251252	39.2219
-2.14928	0.250252	39.0223
-2.14732	0.24925	38.8242
-2.14536	0.248249	38.6231
-2.14349	0.247248	38.4285
-2.14161	0.246247	38.2307
-2.13982	0.245246	38.0378
-2.13801	0.244245	37.8407
-2.13632	0.243244	37.649
-2.13468	0.242243	37.4562
-2.13339	0.241242	37.2771
-2.13167	0.240241	37.0881
-2.12973	0.23924	36.888
-2.12789	0.238239	36.6965
-2.12614	0.237238	36.5114
-2.12426	0.236237	36.3092
-2.12252	0.235236	36.1218
-2.12066	0.234235	35.9159
-2.11883	0.233234	35.7118
-2.11706	0.232233	35.5076
-2.11546	0.231233	35.3201
-2.11384	0.230231	35.1228
-2.11225	0.22923	34.9212
-2.11087	0.228229	34.7265
-2.10956	0.227228	34.5258
-2.10771	0.226227	34.3298
-2.10594	0.225226	34.1408
-2.1041	0.224226	33.9412
-2.10239	0.223224	33.7538
-2.10078	0.222223	33.5754
-2.09909	0.221222	33.3838
-2.09742	0.220221	33.1933
-2.09581	0.21922	33.0069
-2.0942	0.218219	32.8177
-2.09258	0.217218	32.6234
-2.09098	0.216217	32.4272
-2.08953	0.215216	32.2466
-2.08806	0.214215	32.0598
-2.08671	0.213214	31.8848
-2.08535	0.212213	31.7024
-2.084	0.211212	31.5171
-2.08271	0.210212	31.3329
-2.08148	0.209211	31.1515
-2.08039	0.208209	30.983
-2.07925	0.207208	30.7997
-2.07817	0.206208	30.6092
-2.0772	0.205206	30.4171
-2.07645	0.204205	30.2287
-2.07574	0.203204	30.029
-2.07457	0.202203	29.8892
-2.07359	0.201202	29.7549
-2.0718	0.200201	29.5686
-2.07016	0.1992	29.3949
-2.06858	0.198199	29.2239
-2.067	0.197198	29.0492
-2.06539	0.196198	28.8665
-2.06385	0.195197	28.6863
-2.06243	0.194195	28.5127
-2.0611	0.193194	28.3425
-2.05983	0.192193	28.1693
-2.05882	0.191192	28.008
-2.05777	0.190191	27.8426
-2.05609	0.189193	27.6535
-2.05464	0.188189	27.4786
-2.0534	0.187188	27.3062
-2.05202	0.186188	27.1312
-2.05009	0.185186	26.9418
-2.04823	0.184185	26.7542
-2.04639	0.183184	26.5644
-2.04467	0.182183	26.3821
-2.04293	0.181182	26.1933
-2.04116	0.180181	25.9937
-2.03961	0.17918	25.8126
-2.0381	0.178179	25.6281
-2.03658	0.177178	25.4305
-2.0352	0.176177	25.2329
-2.03399	0.175176	25.0002
-2.03261	0.174175	24.8238
-2.03143	0.173174	24.6551
-2.03013	0.172173	24.4764
-2.02856	0.171173	24.3148
-2.02712	0.170171	24.1573
-2.02578	0.16917	23.998
-2.02467	0.168169	23.8464
-2.02378	0.167168	23.6787
-2.02297	0.166167	23.5409
-2.02026	0.165166	23.3555
-2.01768	0.164165	23.177
-2.01525	0.163165	23.0056
-2.01275	0.162163	22.8284
-2.01048	0.161163	22.6645
-2.00813	0.160162	22.4942
-2.00572	0.159161	22.3152
-2.00339	0.158159	22.1396
-2.00111	0.157158	21.966
-1.99874	0.156157	21.7844
-1.99658	0.155157	21.6151
-1.99449	0.154155	21.449
-1.99235	0.153154	21.2765
-1.99029	0.152153	21.1062
-1.98835	0.151152	20.9432
-1.98641	0.150151	20.7774
-1.98451	0.14915	20.6133
-1.98262	0.148149	20.4453
-1.98083	0.147148	20.2833
-1.9791	0.146148	20.1217
-1.97736	0.145146	19.9554
-1.97567	0.144145	19.7885
-1.97408	0.143144	19.626
-1.97264	0.142143	19.4724
-1.97122	0.141143	19.3143
-1.96989	0.140141	19.1587
-1.96872	0.13914	19.0098
-1.96765	0.138139	18.8609
-1.96678	0.137138	18.7159
-1.96625	0.136137	18.5846
-1.96497	0.135136	18.4265
-1.96277	0.134135	18.2484
-1.96065	0.133134	18.0714
-1.95863	0.132133	17.8941
-1.95671	0.131132	17.7169
-1.95489	0.130131	17.5355
-1.95344	0.12913	17.3606
-1.95179	0.128129	17.1747
-1.94939	0.127128	16.9925
-1.94708	0.126127	16.8089
-1.94486	0.125126	16.6215
-1.94284	0.124125	16.4351
-1.94101	0.123124	16.2196
-1.93882	0.122123	16.0381
-1.93643	0.121122	15.8741
-1.93416	0.120122	15.7136
-1.93192	0.11912	15.5497
-1.92972	0.118119	15.3827
-1.92763	0.117118	15.2148
-1.92578	0.116117	15.0544
-1.92412	0.115116	14.8852
-1.92251	0.114115	14.729
-1.92024	0.113114	14.578
-1.91802	0.112113	14.4263
-1.91601	0.111112	14.2857
-1.91399	0.110111	14.1391
-1.91206	0.10911	13.9948
-1.91028	0.108109	13.858
-1.90847	0.107108	13.7124
-1.90689	0.106107	13.578
-1.90546	0.105107	13.4483
-1.90424	0.104105	13.3247
-1.90348	0.103104	13.2194
-1.9014	0.102103	13.0527
-1.89902	0.101102	12.8646
-1.89676	0.100101	12.672
-1.895	0.0991	12.5034
-1.89358	0.0981	12.3369
-1.89181	0.097098	12.1544
-1.88966	0.096097	11.972
-1.88777	0.095096	11.7772
-1.88665	0.094096	11.5781
-1.88327	0.093094	11.3927
-1.87962	0.092094	11.2061
-1.87623	0.091092	11.0032
-1.87352	0.090091	10.8034
-1.86928	0.08909	10.6512
-1.86518	0.088089	10.4996
-1.86128	0.087088	10.3524
-1.85739	0.086087	10.2018
-1.85373	0.085086	10.0579
-1.85008	0.084085	9.91149
-1.84657	0.083084	9.76684
-1.84319	0.082083	9.62372
-1.83996	0.081082	9.48262
-1.83671	0.080081	9.33699
-1.83368	0.079081	9.19581
-1.83082	0.078079	9.05731
-1.82787	0.077078	8.90851
-1.82527	0.076077	8.76943
-1.82291	0.075077	8.63338
-1.82075	0.074075	8.49378
-1.81895	0.073074	8.34452
-1.81648	0.072073	8.1948
-1.81358	0.071072	8.06958
-1.8107	0.070071	7.9397
-1.80812	0.06907	7.81694
-1.80565	0.068069	7.69116
-1.80356	0.067068	7.57289
-1.80177	0.066067	7.44776
-1.80047	0.065066	7.33428
-1.79711	0.064065	7.21509
-1.79378	0.063064	7.09288
-1.79039	0.062063	6.96583
-1.78749	0.061062	6.85307
-1.78452	0.060061	6.73386
-1.78167	0.05906	6.61519
-1.7791	0.05806	6.50237
-1.77674	0.057058	6.39286
-1.77467	0.056057	6.28862
-1.77333	0.055056	6.20252
-1.7703	0.054055	6.06973
-1.76722	0.053054	5.93434
-1.76424	0.052054	5.79445
-1.76158	0.051052	5.6602
-1.75925	0.050051	5.53247
-1.75693	0.04905	5.38913
-1.7549	0.048052	5.2418
-1.75342	0.047048	5.09611
-1.75231	0.046047	4.94915
-1.75125	0.045046	4.8624
-1.74677	0.044045	4.75232
-1.74177	0.043044	4.63726
-1.73639	0.042043	4.5101
-1.73147	0.041042	4.38909
-1.72667	0.040041	4.26746
-1.72211	0.03904	4.14746
-1.71764	0.038039	4.02601
-1.71338	0.037039	3.90673
-1.7092	0.036037	3.78574
-1.70537	0.035036	3.66999
-1.70139	0.034035	3.54456
-1.69789	0.033034	3.42891
-1.69457	0.032033	3.31387
-1.69153	0.031032	3.20292
-1.68852	0.030031	3.08754
-1.68568	0.02903	2.97035
-1.68309	0.028029	2.85495
-1.68077	0.027028	2.74221
-1.67863	0.026027	2.6205
-1.67727	0.025027	2.50243
-1.67462	0.024025	2.39046
-1.67177	0.023025	2.27923
-1.66939	0.022023	2.17663
-1.6671	0.021022	2.06543
-1.66537	0.020021	1.96296
-1.66424	0.01902	1.86881
-1.66207	0.018019	1.71719
-1.65872	0.017018	1.62627
-1.65561	0.016017	1.53339
-1.65276	0.015016	1.43493
-1.6505	0.014015	1.34283
-1.64882	0.013014	1.25565
-1.64777	0.012013	1.16309
-1.64612	0.011012	1.0922
-1.64425	0.010011	0.984185
-1.63204	0.00901	0.881231
-1.62199	0.00801	0.788693
-1.6127	0.007008	0.687611
-1.60564	0.006008	0.593851
-1.60049	0.005006	0.50271
-1.5976	0.004008	0.420862
-1.59043	0.003004	0.329562
-1.56509	0.002003	0.209073
-1.55216	0.001002	0.103726
-1.54798	6e-06	0.000378
