-50.00	0.9998	745
-49.99	0.9998	745
-49.98	0.9998	745
-49.97	0.9998	745
-49.96	0.9998	745
-49.95	0.9998	745
-49.94	0.9998	745
-49.93	0.9998	745
-49.92	0.9998	745
-49.91	0.9998	745
-49.90	0.9998	745
-49.89	0.9998	745
-49.88	0.9998	745
-49.87	0.9998	744
-49.86	0.9998	744
-49.85	0.9998	744
-49.84	0.9998	744
-49.83	0.9998	744
-49.82	0.9998	744
-49.81	0.9998	744
-49.80	0.9998	744
-49.79	0.9998	744
-49.78	0.9998	744
-49.77	0.9998	744
-49.76	0.9998	744
-49.75	0.9998	744
-49.74	0.9998	744
-49.73	0.9998	744
-49.72	0.9998	744
-49.71	0.9998	744
-49.70	0.9998	744
-49.69	0.9998	744
-49.68	0.9998	743
-49.67	0.9998	743
-49.66	0.9998	743
-49.65	0.9998	743
-49.64	0.9998	743
-49.63	0.9998	743
-49.62	0.9998	743
-49.61	0.9998	743
-49.60	0.9998	743
-49.59	0.9998	743
-49.58	0.9998	743
-49.57	0.9998	743
-49.56	0.9998	743
-49.55	0.9998	743
-49.54	0.9998	743
-49.53	0.9998	743
-49.52	0.9998	743
-49.51	0.9998	743
-49.50	0.9998	743
-49.49	0.9998	743
-49.48	0.9998	742
-49.47	0.9998	742
-49.46	0.9998	742
-49.45	0.9998	742
-49.44	0.9998	742
-49.43	0.9998	742
-49.42	0.9998	742
-49.41	0.9998	742
-49.40	0.9998	742
-49.39	0.9998	742
-49.38	0.9998	742
-49.37	0.9998	742
-49.36	0.9998	742
-49.35	0.9998	742
-49.34	0.9998	742
-49.33	0.9998	742
-49.32	0.9998	742
-49.31	0.9998	742
-49.30	0.9998	742
-49.29	0.9998	742
-49.28	0.9998	741
-49.27	0.9998	741
-49.26	0.9998	741
-49.25	0.9998	741
-49.24	0.9998	741
-49.23	0.9998	741
-49.22	0.9998	741
-49.21	0.9998	741
-49.20	0.9998	741
-49.19	0.9998	741
-49.18	0.9998	741
-49.17	0.9998	741
-49.16	0.9998	741
-49.15	0.9998	741
-49.14	0.9998	741
-49.13	0.9998	741
-49.12	0.9998	741
-49.11	0.9998	741
-49.10	0.9998	741
-49.09	0.9998	740
-49.08	0.9998	740
-49.07	0.9998	740
-49.06	0.9998	740
-49.05	0.9998	740
-49.04	0.9998	740
-49.03	0.9998	740
-49.02	0.9998	740
-49.01	0.9998	740
-49.00	0.9998	740
-48.99	0.9998	740
-48.98	0.9998	740
-48.97	0.9998	740
-48.96	0.9998	740
-48.95	0.9998	740
-48.94	0.9998	740
-48.93	0.9998	740
-48.92	0.9998	740
-48.91	0.9998	740
-48.90	0.9998	739
-48.89	0.9998	739
-48.88	0.9998	739
-48.87	0.9998	739
-48.86	0.9998	739
-48.85	0.9998	739
-48.84	0.9998	739
-48.83	0.9998	739
-48.82	0.9998	739
-48.81	0.9998	739
-48.80	0.9998	739
-48.79	0.9998	739
-48.78	0.9998	739
-48.77	0.9998	739
-48.76	0.9998	739
-48.75	0.9998	739
-48.74	0.9998	739
-48.73	0.9998	739
-48.72	0.9998	739
-48.71	0.9998	739
-48.70	0.9998	738
-48.69	0.9998	738
-48.68	0.9998	738
-48.67	0.9998	738
-48.66	0.9998	738
-48.65	0.9998	738
-48.64	0.9998	738
-48.63	0.9998	738
-48.62	0.9998	738
-48.61	0.9998	738
-48.60	0.9998	738
-48.59	0.9998	738
-48.58	0.9998	738
-48.57	0.9998	738
-48.56	0.9998	738
-48.55	0.9998	738
-48.54	0.9998	738
-48.53	0.9998	738
-48.52	0.9998	738
-48.51	0.9998	737
-48.50	0.9998	737
-48.49	0.9998	737
-48.48	0.9998	737
-48.47	0.9998	737
-48.46	0.9998	737
-48.45	0.9998	737
-48.44	0.9998	737
-48.43	0.9998	737
-48.42	0.9998	737
-48.41	0.9998	737
-48.40	0.9998	737
-48.39	0.9998	737
-48.38	0.9998	737
-48.37	0.9998	737
-48.36	0.9998	737
-48.35	0.9998	737
-48.34	0.9998	737
-48.33	0.9998	737
-48.32	0.9998	736
-48.31	0.9998	736
-48.30	0.9998	736
-48.29	0.9998	736
-48.28	0.9998	736
-48.27	0.9998	736
-48.26	0.9998	736
-48.25	0.9998	736
-48.24	0.9998	736
-48.23	0.9998	736
-48.22	0.9998	736
-48.21	0.9998	736
-48.20	0.9998	736
-48.19	0.9998	736
-48.18	0.9998	736
-48.17	0.9998	736
-48.16	0.9998	736
-48.15	0.9998	736
-48.14	0.9998	736
-48.13	0.9998	735
-48.12	0.9998	735
-48.11	0.9998	735
-48.10	0.9998	735
-48.09	0.9998	735
-48.08	0.9998	735
-48.07	0.9998	735
-48.06	0.9998	735
-48.05	0.9998	735
-48.04	0.9998	735
-48.03	0.9998	735
-48.02	0.9998	735
-48.01	0.9998	735
-48.00	0.9998	735
-47.99	0.9998	735
-47.98	0.9998	735
-47.97	0.9998	735
-47.96	0.9998	735
-47.95	0.9998	735
-47.94	0.9998	734
-47.93	0.9998	734
-47.92	0.9998	734
-47.91	0.9998	734
-47.90	0.9998	734
-47.89	0.9998	734
-47.88	0.9998	734
-47.87	0.9998	734
-47.86	0.9998	734
-47.85	0.9998	734
-47.84	0.9998	734
-47.83	0.9998	734
-47.82	0.9998	734
-47.81	0.9998	734
-47.80	0.9998	734
-47.79	0.9998	734
-47.78	0.9998	734
-47.77	0.9998	734
-47.76	0.9998	734
-47.75	0.9998	733
-47.74	0.9998	733
-47.73	0.9998	733
-47.72	0.9998	733
-47.71	0.9998	733
-47.70	0.9998	733
-47.69	0.9998	733
-47.68	0.9998	733
-47.67	0.9998	733
-47.66	0.9998	733
-47.65	0.9998	733
-47.64	0.9998	733
-47.63	0.9998	733
-47.62	0.9998	733
-47.61	0.9998	733
-47.60	0.9998	733
-47.59	0.9998	733
-47.58	0.9998	733
-47.57	0.9998	733
-47.56	0.9998	732
-47.55	0.9998	732
-47.54	0.9998	732
-47.53	0.9998	732
-47.52	0.9998	732
-47.51	0.9998	732
-47.50	0.9998	732
-47.49	0.9998	732
-47.48	0.9998	732
-47.47	0.9998	732
-47.46	0.9998	732
-47.45	0.9998	732
-47.44	0.9998	732
-47.43	0.9998	732
-47.42	0.9998	732
-47.41	0.9998	732
-47.40	0.9998	732
-47.39	0.9998	732
-47.38	0.9998	732
-47.37	0.9998	731
-47.36	0.9998	731
-47.35	0.9998	731
-47.34	0.9998	731
-47.33	0.9998	731
-47.32	0.9998	731
-47.31	0.9998	731
-47.30	0.9998	731
-47.29	0.9998	731
-47.28	0.9998	731
-47.27	0.9998	731
-47.26	0.9998	731
-47.25	0.9998	731
-47.24	0.9998	731
-47.23	0.9998	731
-47.22	0.9998	731
-47.21	0.9998	731
-47.20	0.9998	731
-47.19	0.9998	731
-47.18	0.9998	730
-47.17	0.9998	730
-47.16	0.9998	730
-47.15	0.9998	730
-47.14	0.9998	730
-47.13	0.9998	730
-47.12	0.9998	730
-47.11	0.9998	730
-47.10	0.9998	730
-47.09	0.9998	730
-47.08	0.9998	730
-47.07	0.9998	730
-47.06	0.9998	730
-47.05	0.9998	730
-47.04	0.9998	730
-47.03	0.9998	730
-47.02	0.9998	730
-47.01	0.9998	730
-47.00	0.9998	729
-46.99	0.9998	729
-46.98	0.9998	729
-46.97	0.9998	729
-46.96	0.9998	729
-46.95	0.9998	729
-46.94	0.9998	729
-46.93	0.9998	729
-46.92	0.9998	729
-46.91	0.9998	729
-46.90	0.9998	729
-46.89	0.9998	729
-46.88	0.9998	729
-46.87	0.9998	729
-46.86	0.9998	729
-46.85	0.9998	729
-46.84	0.9998	729
-46.83	0.9998	729
-46.82	0.9998	729
-46.81	0.9998	728
-46.80	0.9998	728
-46.79	0.9998	728
-46.78	0.9998	728
-46.77	0.9998	728
-46.76	0.9998	728
-46.75	0.9998	728
-46.74	0.9998	728
-46.73	0.9998	728
-46.72	0.9998	728
-46.71	0.9998	728
-46.70	0.9998	728
-46.69	0.9998	728
-46.68	0.9998	728
-46.67	0.9998	728
-46.66	0.9998	728
-46.65	0.9998	728
-46.64	0.9998	728
-46.63	0.9998	727
-46.62	0.9998	727
-46.61	0.9998	727
-46.60	0.9998	727
-46.59	0.9998	727
-46.58	0.9998	727
-46.57	0.9998	727
-46.56	0.9998	727
-46.55	0.9998	727
-46.54	0.9998	727
-46.53	0.9998	727
-46.52	0.9998	727
-46.51	0.9998	727
-46.50	0.9998	727
-46.49	0.9998	727
-46.48	0.9998	727
-46.47	0.9998	727
-46.46	0.9998	727
-46.45	0.9998	726
-46.44	0.9998	726
-46.43	0.9998	726
-46.42	0.9998	726
-46.41	0.9998	726
-46.40	0.9998	726
-46.39	0.9998	726
-46.38	0.9998	726
-46.37	0.9998	726
-46.36	0.9998	726
-46.35	0.9998	726
-46.34	0.9998	726
-46.33	0.9998	726
-46.32	0.9998	726
-46.31	0.9998	726
-46.30	0.9998	726
-46.29	0.9998	726
-46.28	0.9998	726
-46.27	0.9998	725
-46.26	0.9998	725
-46.25	0.9998	725
-46.24	0.9998	725
-46.23	0.9998	725
-46.22	0.9998	725
-46.21	0.9998	725
-46.20	0.9998	725
-46.19	0.9998	725
-46.18	0.9998	725
-46.17	0.9998	725
-46.16	0.9998	725
-46.15	0.9998	725
-46.14	0.9998	725
-46.13	0.9998	725
-46.12	0.9998	725
-46.11	0.9998	725
-46.10	0.9998	725
-46.09	0.9998	724
-46.08	0.9998	724
-46.07	0.9998	724
-46.06	0.9998	724
-46.05	0.9998	724
-46.04	0.9998	724
-46.03	0.9998	724
-46.02	0.9998	724
-46.01	0.9998	724
-46.00	0.9998	724
-45.99	0.9998	724
-45.98	0.9998	724
-45.97	0.9998	724
-45.96	0.9998	724
-45.95	0.9998	724
-45.94	0.9998	724
-45.93	0.9998	724
-45.92	0.9998	724
-45.91	0.9998	723
-45.90	0.9998	723
-45.89	0.9998	723
-45.88	0.9998	723
-45.87	0.9998	723
-45.86	0.9998	723
-45.85	0.9998	723
-45.84	0.9998	723
-45.83	0.9998	723
-45.82	0.9998	723
-45.81	0.9998	723
-45.80	0.9998	723
-45.79	0.9998	723
-45.78	0.9998	723
-45.77	0.9998	723
-45.76	0.9998	723
-45.75	0.9998	723
-45.74	0.9998	723
-45.73	0.9998	722
-45.72	0.9998	722
-45.71	0.9998	722
-45.70	0.9998	722
-45.69	0.9998	722
-45.68	0.9998	722
-45.67	0.9998	722
-45.66	0.9998	722
-45.65	0.9998	722
-45.64	0.9998	722
-45.63	0.9998	722
-45.62	0.9998	722
-45.61	0.9998	722
-45.60	0.9998	722
-45.59	0.9998	722
-45.58	0.9998	722
-45.57	0.9998	722
-45.56	0.9998	722
-45.55	0.9998	721
-45.54	0.9998	721
-45.53	0.9998	721
-45.52	0.9998	721
-45.51	0.9998	721
-45.50	0.9998	721
-45.49	0.9998	721
-45.48	0.9998	721
-45.47	0.9998	721
-45.46	0.9998	721
-45.45	0.9998	721
-45.44	0.9998	721
-45.43	0.9998	721
-45.42	0.9998	721
-45.41	0.9998	721
-45.40	0.9998	721
-45.39	0.9998	721
-45.38	0.9998	721
-45.37	0.9998	720
-45.36	0.9998	720
-45.35	0.9998	720
-45.34	0.9998	720
-45.33	0.9998	720
-45.32	0.9998	720
-45.31	0.9998	720
-45.30	0.9998	720
-45.29	0.9998	720
-45.28	0.9998	720
-45.27	0.9998	720
-45.26	0.9998	720
-45.25	0.9998	720
-45.24	0.9998	720
-45.23	0.9998	720
-45.22	0.9998	720
-45.21	0.9998	720
-45.20	0.9998	720
-45.19	0.9998	719
-45.18	0.9998	719
-45.17	0.9998	719
-45.16	0.9998	719
-45.15	0.9998	719
-45.14	0.9998	719
-45.13	0.9998	719
-45.12	0.9998	719
-45.11	0.9998	719
-45.10	0.9998	719
-45.09	0.9998	719
-45.08	0.9998	719
-45.07	0.9998	719
-45.06	0.9998	719
-45.05	0.9998	719
-45.04	0.9998	719
-45.03	0.9998	719
-45.02	0.9998	718
-45.01	0.9998	718
-45.00	0.9998	718
-44.99	0.9998	718
-44.98	0.9998	718
-44.97	0.9998	718
-44.96	0.9998	718
-44.95	0.9998	718
-44.94	0.9998	718
-44.93	0.9998	718
-44.92	0.9998	718
-44.91	0.9998	718
-44.90	0.9998	718
-44.89	0.9998	718
-44.88	0.9998	718
-44.87	0.9998	718
-44.86	0.9998	718
-44.85	0.9998	718
-44.84	0.9998	717
-44.83	0.9998	717
-44.82	0.9998	717
-44.81	0.9998	717
-44.80	0.9998	717
-44.79	0.9998	717
-44.78	0.9998	717
-44.77	0.9998	717
-44.76	0.9998	717
-44.75	0.9998	717
-44.74	0.9998	717
-44.73	0.9998	717
-44.72	0.9998	717
-44.71	0.9998	717
-44.70	0.9998	717
-44.69	0.9998	717
-44.68	0.9998	717
-44.67	0.9998	717
-44.66	0.9998	716
-44.65	0.9998	716
-44.64	0.9998	716
-44.63	0.9998	716
-44.62	0.9998	716
-44.61	0.9998	716
-44.60	0.9998	716
-44.59	0.9998	716
-44.58	0.9998	716
-44.57	0.9998	716
-44.56	0.9998	716
-44.55	0.9998	716
-44.54	0.9998	716
-44.53	0.9998	716
-44.52	0.9998	716
-44.51	0.9998	716
-44.50	0.9998	716
-44.49	0.9998	715
-44.48	0.9998	715
-44.47	0.9998	715
-44.46	0.9998	715
-44.45	0.9998	715
-44.44	0.9998	715
-44.43	0.9998	715
-44.42	0.9998	715
-44.41	0.9998	715
-44.40	0.9998	715
-44.39	0.9998	715
-44.38	0.9998	715
-44.37	0.9998	715
-44.36	0.9998	715
-44.35	0.9998	715
-44.34	0.9998	715
-44.33	0.9998	715
-44.32	0.9998	715
-44.31	0.9998	714
-44.30	0.9998	714
-44.29	0.9998	714
-44.28	0.9998	714
-44.27	0.9998	714
-44.26	0.9998	714
-44.25	0.9998	714
-44.24	0.9998	714
-44.23	0.9998	714
-44.22	0.9998	714
-44.21	0.9998	714
-44.20	0.9998	714
-44.19	0.9998	714
-44.18	0.9998	714
-44.17	0.9998	714
-44.16	0.9998	714
-44.15	0.9998	714
-44.14	0.9998	713
-44.13	0.9998	713
-44.12	0.9998	713
-44.11	0.9998	713
-44.10	0.9998	713
-44.09	0.9998	713
-44.08	0.9998	713
-44.07	0.9998	713
-44.06	0.9998	713
-44.05	0.9998	713
-44.04	0.9998	713
-44.03	0.9998	713
-44.02	0.9998	713
-44.01	0.9998	713
-44.00	0.9998	713
-43.99	0.9998	713
-43.98	0.9998	713
-43.97	0.9998	713
-43.96	0.9998	712
-43.95	0.9998	712
-43.94	0.9998	712
-43.93	0.9998	712
-43.92	0.9998	712
-43.91	0.9998	712
-43.90	0.9998	712
-43.89	0.9998	712
-43.88	0.9998	712
-43.87	0.9998	712
-43.86	0.9998	712
-43.85	0.9998	712
-43.84	0.9998	712
-43.83	0.9998	712
-43.82	0.9998	712
-43.81	0.9998	712
-43.80	0.9998	712
-43.79	0.9998	711
-43.78	0.9998	711
-43.77	0.9998	711
-43.76	0.9998	711
-43.75	0.9998	711
-43.74	0.9998	711
-43.73	0.9998	711
-43.72	0.9998	711
-43.71	0.9998	711
-43.70	0.9998	711
-43.69	0.9998	711
-43.68	0.9998	711
-43.67	0.9998	711
-43.66	0.9998	711
-43.65	0.9998	711
-43.64	0.9998	711
-43.63	0.9998	711
-43.62	0.9998	710
-43.61	0.9998	710
-43.60	0.9998	710
-43.59	0.9998	710
-43.58	0.9998	710
-43.57	0.9998	710
-43.56	0.9998	710
-43.55	0.9998	710
-43.54	0.9998	710
-43.53	0.9998	710
-43.52	0.9998	710
-43.51	0.9998	710
-43.50	0.9998	710
-43.49	0.9998	710
-43.48	0.9998	710
-43.47	0.9998	710
-43.46	0.9998	710
-43.45	0.9998	709
-43.44	0.9998	709
-43.43	0.9998	709
-43.42	0.9998	709
-43.41	0.9998	709
-43.40	0.9998	709
-43.39	0.9998	709
-43.38	0.9998	709
-43.37	0.9998	709
-43.36	0.9998	709
-43.35	0.9998	709
-43.34	0.9998	709
-43.33	0.9998	709
-43.32	0.9998	709
-43.31	0.9998	709
-43.30	0.9998	709
-43.29	0.9998	709
-43.28	0.9998	708
-43.27	0.9998	708
-43.26	0.9998	708
-43.25	0.9998	708
-43.24	0.9998	708
-43.23	0.9998	708
-43.22	0.9998	708
-43.21	0.9998	708
-43.20	0.9998	708
-43.19	0.9998	708
-43.18	0.9998	708
-43.17	0.9998	708
-43.16	0.9998	708
-43.15	0.9998	708
-43.14	0.9998	708
-43.13	0.9996	708
-43.12	0.9996	708
-43.11	0.9996	707
-43.10	0.9996	707
-43.09	0.9996	707
-43.08	0.9996	707
-43.07	0.9996	707
-43.06	0.9996	707
-43.05	0.9996	707
-43.04	0.9996	707
-43.03	0.9996	707
-43.02	0.9996	707
-43.01	0.9996	707
-43.00	0.9996	707
-42.99	0.9996	707
-42.98	0.9996	707
-42.97	0.9996	707
-42.96	0.9996	707
-42.95	0.9996	707
-42.94	0.9996	706
-42.93	0.9996	706
-42.92	0.9996	706
-42.91	0.9996	706
-42.90	0.9996	706
-42.89	0.9996	706
-42.88	0.9996	706
-42.87	0.9996	706
-42.86	0.9996	706
-42.85	0.9996	706
-42.84	0.9996	706
-42.83	0.9996	706
-42.82	0.9996	706
-42.81	0.9996	706
-42.80	0.9996	706
-42.79	0.9996	706
-42.78	0.9996	706
-42.77	0.9996	705
-42.76	0.9996	705
-42.75	0.9996	705
-42.74	0.9996	705
-42.73	0.9996	705
-42.72	0.9996	705
-42.71	0.9996	705
-42.70	0.9996	705
-42.69	0.9996	705
-42.68	0.9996	705
-42.67	0.9996	705
-42.66	0.9996	705
-42.65	0.9996	705
-42.64	0.9996	705
-42.63	0.9996	705
-42.62	0.9996	705
-42.61	0.9996	704
-42.60	0.9996	704
-42.59	0.9996	704
-42.58	0.9996	704
-42.57	0.9996	704
-42.56	0.9996	704
-42.55	0.9996	704
-42.54	0.9996	704
-42.53	0.9996	704
-42.52	0.9996	704
-42.51	0.9996	704
-42.50	0.9996	704
-42.49	0.9996	704
-42.48	0.9996	704
-42.47	0.9996	704
-42.46	0.9996	704
-42.45	0.9996	704
-42.44	0.9996	703
-42.43	0.9996	703
-42.42	0.9996	703
-42.41	0.9996	703
-42.40	0.9996	703
-42.39	0.9996	703
-42.38	0.9996	703
-42.37	0.9996	703
-42.36	0.9996	703
-42.35	0.9996	703
-42.34	0.9996	703
-42.33	0.9996	703
-42.32	0.9996	703
-42.31	0.9996	703
-42.30	0.9996	703
-42.29	0.9996	703
-42.28	0.9996	703
-42.27	0.9996	702
-42.26	0.9996	702
-42.25	0.9996	702
-42.24	0.9996	702
-42.23	0.9996	702
-42.22	0.9996	702
-42.21	0.9996	702
-42.20	0.9996	702
-42.19	0.9996	702
-42.18	0.9996	702
-42.17	0.9996	702
-42.16	0.9996	702
-42.15	0.9996	702
-42.14	0.9996	702
-42.13	0.9996	702
-42.12	0.9996	702
-42.11	0.9996	701
-42.10	0.9996	701
-42.09	0.9996	701
-42.08	0.9996	701
-42.07	0.9996	701
-42.06	0.9996	701
-42.05	0.9996	701
-42.04	0.9996	701
-42.03	0.9996	701
-42.02	0.9996	701
-42.01	0.9996	701
-42.00	0.9996	701
-41.99	0.9996	701
-41.98	0.9996	701
-41.97	0.9996	701
-41.96	0.9996	701
-41.95	0.9996	701
-41.94	0.9996	700
-41.93	0.9996	700
-41.92	0.9996	700
-41.91	0.9996	700
-41.90	0.9996	700
-41.89	0.9996	700
-41.88	0.9996	700
-41.87	0.9996	700
-41.86	0.9996	700
-41.85	0.9996	700
-41.84	0.9996	700
-41.83	0.9996	700
-41.82	0.9996	700
-41.81	0.9996	700
-41.80	0.9996	700
-41.79	0.9996	700
-41.78	0.9996	699
-41.77	0.9996	699
-41.76	0.9996	699
-41.75	0.9996	699
-41.74	0.9996	699
-41.73	0.9996	699
-41.72	0.9996	699
-41.71	0.9996	699
-41.70	0.9996	699
-41.69	0.9996	699
-41.68	0.9996	699
-41.67	0.9996	699
-41.66	0.9996	699
-41.65	0.9996	699
-41.64	0.9996	699
-41.63	0.9996	699
-41.62	0.9996	698
-41.61	0.9996	698
-41.60	0.9996	698
-41.59	0.9996	698
-41.58	0.9996	698
-41.57	0.9996	698
-41.56	0.9996	698
-41.55	0.9996	698
-41.54	0.9996	698
-41.53	0.9996	698
-41.52	0.9996	698
-41.51	0.9996	698
-41.50	0.9996	698
-41.49	0.9996	698
-41.48	0.9996	698
-41.47	0.9996	698
-41.46	0.9996	697
-41.45	0.9996	697
-41.44	0.9996	697
-41.43	0.9996	697
-41.42	0.9996	697
-41.41	0.9996	697
-41.40	0.9996	697
-41.39	0.9996	697
-41.38	0.9996	697
-41.37	0.9996	697
-41.36	0.9996	697
-41.35	0.9996	697
-41.34	0.9996	697
-41.33	0.9996	697
-41.32	0.9996	697
-41.31	0.9996	697
-41.30	0.9996	697
-41.29	0.9996	696
-41.28	0.9996	696
-41.27	0.9996	696
-41.26	0.9996	696
-41.25	0.9996	696
-41.24	0.9996	696
-41.23	0.9996	696
-41.22	0.9996	696
-41.21	0.9996	696
-41.20	0.9996	696
-41.19	0.9996	696
-41.18	0.9996	696
-41.17	0.9996	696
-41.16	0.9996	696
-41.15	0.9996	696
-41.14	0.9996	696
-41.13	0.9996	695
-41.12	0.9996	695
-41.11	0.9996	695
-41.10	0.9996	695
-41.09	0.9996	695
-41.08	0.9996	695
-41.07	0.9996	695
-41.06	0.9996	695
-41.05	0.9996	695
-41.04	0.9996	695
-41.03	0.9996	695
-41.02	0.9996	695
-41.01	0.9996	695
-41.00	0.9996	695
-40.99	0.9996	695
-40.98	0.9996	695
-40.97	0.9996	694
-40.96	0.9996	694
-40.95	0.9996	694
-40.94	0.9996	694
-40.93	0.9996	694
-40.92	0.9996	694
-40.91	0.9996	694
-40.90	0.9996	694
-40.89	0.9996	694
-40.88	0.9996	694
-40.87	0.9996	694
-40.86	0.9996	694
-40.85	0.9996	694
-40.84	0.9996	694
-40.83	0.9996	694
-40.82	0.9996	694
-40.81	0.9996	693
-40.80	0.9996	693
-40.79	0.9996	693
-40.78	0.9996	693
-40.77	0.9996	693
-40.76	0.9996	693
-40.75	0.9996	693
-40.74	0.9996	693
-40.73	0.9996	693
-40.72	0.9996	693
-40.71	0.9996	693
-40.70	0.9996	693
-40.69	0.9996	693
-40.68	0.9996	693
-40.67	0.9996	693
-40.66	0.9996	692
-40.65	0.9996	692
-40.64	0.9996	692
-40.63	0.9996	692
-40.62	0.9996	692
-40.61	0.9996	692
-40.60	0.9996	692
-40.59	0.9996	692
-40.58	0.9996	692
-40.57	0.9996	692
-40.56	0.9996	692
-40.55	0.9996	692
-40.54	0.9996	692
-40.53	0.9996	692
-40.52	0.9996	692
-40.51	0.9996	692
-40.50	0.9996	691
-40.49	0.9996	691
-40.48	0.9996	691
-40.47	0.9996	691
-40.46	0.9996	691
-40.45	0.9996	691
-40.44	0.9996	691
-40.43	0.9996	691
-40.42	0.9996	691
-40.41	0.9996	691
-40.40	0.9996	691
-40.39	0.9996	691
-40.38	0.9996	691
-40.37	0.9996	691
-40.36	0.9996	691
-40.35	0.9996	691
-40.34	0.9996	690
-40.33	0.9996	690
-40.32	0.9996	690
-40.31	0.9996	690
-40.30	0.9996	690
-40.29	0.9996	690
-40.28	0.9996	690
-40.27	0.9996	690
-40.26	0.9996	690
-40.25	0.9996	690
-40.24	0.9996	690
-40.23	0.9996	690
-40.22	0.9996	690
-40.21	0.9996	690
-40.20	0.9996	690
-40.19	0.9996	689
-40.18	0.9996	689
-40.17	0.9996	689
-40.16	0.9996	689
-40.15	0.9996	689
-40.14	0.9996	689
-40.13	0.9996	689
-40.12	0.9996	689
-40.11	0.9996	689
-40.10	0.9996	689
-40.09	0.9996	689
-40.08	0.9996	689
-40.07	0.9996	689
-40.06	0.9996	689
-40.05	0.9996	689
-40.04	0.9996	689
-40.03	0.9996	688
-40.02	0.9996	688
-40.01	0.9996	688
-40.00	0.9996	688
-39.99	0.9996	688
-39.98	0.9996	688
-39.97	0.9996	688
-39.96	0.9996	688
-39.95	0.9996	688
-39.94	0.9996	688
-39.93	0.9996	688
-39.92	0.9996	688
-39.91	0.9996	688
-39.90	0.9996	688
-39.89	0.9996	688
-39.88	0.9996	687
-39.87	0.9996	687
-39.86	0.9996	687
-39.85	0.9996	687
-39.84	0.9996	687
-39.83	0.9996	687
-39.82	0.9996	687
-39.81	0.9996	687
-39.80	0.9996	687
-39.79	0.9996	687
-39.78	0.9996	687
-39.77	0.9996	687
-39.76	0.9996	687
-39.75	0.9996	687
-39.74	0.9996	687
-39.73	0.9996	687
-39.72	0.9996	686
-39.71	0.9996	686
-39.70	0.9996	686
-39.69	0.9996	686
-39.68	0.9996	686
-39.67	0.9996	686
-39.66	0.9996	686
-39.65	0.9996	686
-39.64	0.9996	686
-39.63	0.9996	686
-39.62	0.9996	686
-39.61	0.9996	686
-39.60	0.9996	686
-39.59	0.9996	686
-39.58	0.9996	686
-39.57	0.9996	686
-39.56	0.9996	685
-39.55	0.9996	685
-39.54	0.9996	685
-39.53	0.9996	685
-39.52	0.9996	685
-39.51	0.9996	685
-39.50	0.9996	685
-39.49	0.9996	685
-39.48	0.9996	685
-39.47	0.9996	685
-39.46	0.9996	685
-39.45	0.9996	685
-39.44	0.9996	685
-39.43	0.9996	685
-39.42	0.9996	685
-39.41	0.9996	684
-39.40	0.9996	684
-39.39	0.9996	684
-39.38	0.9996	684
-39.37	0.9996	684
-39.36	0.9996	684
-39.35	0.9996	684
-39.34	0.9996	684
-39.33	0.9996	684
-39.32	0.9996	684
-39.31	0.9996	684
-39.30	0.9996	684
-39.29	0.9996	684
-39.28	0.9996	684
-39.27	0.9996	684
-39.26	0.9996	683
-39.25	0.9996	683
-39.24	0.9996	683
-39.23	0.9996	683
-39.22	0.9996	683
-39.21	0.9996	683
-39.20	0.9996	683
-39.19	0.9996	683
-39.18	0.9996	683
-39.17	0.9996	683
-39.16	0.9996	683
-39.15	0.9996	683
-39.14	0.9996	683
-39.13	0.9996	683
-39.12	0.9996	683
-39.11	0.9996	682
-39.10	0.9996	682
-39.09	0.9996	682
-39.08	0.9996	682
-39.07	0.9996	682
-39.06	0.9996	682
-39.05	0.9996	682
-39.04	0.9996	682
-39.03	0.9996	682
-39.02	0.9996	682
-39.01	0.9996	682
-39.00	0.9996	682
-38.99	0.9996	682
-38.98	0.9996	682
-38.97	0.9996	682
-38.96	0.9996	681
-38.95	0.9996	681
-38.94	0.9996	681
-38.93	0.9996	681
-38.92	0.9996	681
-38.91	0.9996	681
-38.90	0.9996	681
-38.89	0.9996	681
-38.88	0.9996	681
-38.87	0.9996	681
-38.86	0.9996	681
-38.85	0.9996	681
-38.84	0.9996	681
-38.83	0.9996	681
-38.82	0.9996	681
-38.81	0.9996	680
-38.80	0.9996	680
-38.79	0.9996	680
-38.78	0.9996	680
-38.77	0.9996	680
-38.76	0.9996	680
-38.75	0.9996	680
-38.74	0.9996	680
-38.73	0.9996	680
-38.72	0.9996	680
-38.71	0.9996	680
-38.70	0.9996	680
-38.69	0.9996	680
-38.68	0.9995	680
-38.67	0.9995	680
-38.66	0.9995	679
-38.65	0.9995	679
-38.64	0.9995	679
-38.63	0.9995	679
-38.62	0.9995	679
-38.61	0.9995	679
-38.60	0.9995	679
-38.59	0.9995	679
-38.58	0.9995	679
-38.57	0.9995	679
-38.56	0.9995	679
-38.55	0.9995	679
-38.54	0.9995	679
-38.53	0.9995	679
-38.52	0.9995	679
-38.51	0.9995	678
-38.50	0.9995	678
-38.49	0.9995	678
-38.48	0.9995	678
-38.47	0.9995	678
-38.46	0.9995	678
-38.45	0.9995	678
-38.44	0.9995	678
-38.43	0.9995	678
-38.42	0.9995	678
-38.41	0.9995	678
-38.40	0.9995	678
-38.39	0.9995	678
-38.38	0.9995	678
-38.37	0.9995	678
-38.36	0.9995	677
-38.35	0.9995	677
-38.34	0.9995	677
-38.33	0.9995	677
-38.32	0.9995	677
-38.31	0.9995	677
-38.30	0.9995	677
-38.29	0.9995	677
-38.28	0.9995	677
-38.27	0.9995	677
-38.26	0.9995	677
-38.25	0.9995	677
-38.24	0.9995	677
-38.23	0.9995	677
-38.22	0.9995	677
-38.21	0.9995	676
-38.20	0.9995	676
-38.19	0.9995	676
-38.18	0.9995	676
-38.17	0.9995	676
-38.16	0.9995	676
-38.15	0.9995	676
-38.14	0.9995	676
-38.13	0.9995	676
-38.12	0.9995	676
-38.11	0.9995	676
-38.10	0.9995	676
-38.09	0.9995	676
-38.08	0.9995	676
-38.07	0.9995	676
-38.06	0.9995	675
-38.05	0.9995	675
-38.04	0.9995	675
-38.03	0.9995	675
-38.02	0.9995	675
-38.01	0.9995	675
-38.00	0.9995	675
-37.99	0.9995	675
-37.98	0.9995	675
-37.97	0.9995	675
-37.96	0.9995	675
-37.95	0.9995	675
-37.94	0.9995	675
-37.93	0.9995	675
-37.92	0.9995	675
-37.91	0.9995	674
-37.90	0.9995	674
-37.89	0.9995	674
-37.88	0.9995	674
-37.87	0.9995	674
-37.86	0.9995	674
-37.85	0.9995	674
-37.84	0.9995	674
-37.83	0.9995	674
-37.82	0.9995	674
-37.81	0.9995	674
-37.80	0.9995	674
-37.79	0.9995	674
-37.78	0.9995	674
-37.77	0.9995	674
-37.76	0.9995	673
-37.75	0.9995	673
-37.74	0.9995	673
-37.73	0.9995	673
-37.72	0.9995	673
-37.71	0.9995	673
-37.70	0.9995	673
-37.69	0.9995	673
-37.68	0.9995	673
-37.67	0.9995	673
-37.66	0.9995	673
-37.65	0.9995	673
-37.64	0.9995	673
-37.63	0.9995	673
-37.62	0.9995	672
-37.61	0.9995	672
-37.60	0.9995	672
-37.59	0.9995	672
-37.58	0.9995	672
-37.57	0.9995	672
-37.56	0.9995	672
-37.55	0.9995	672
-37.54	0.9995	672
-37.53	0.9995	672
-37.52	0.9995	672
-37.51	0.9995	672
-37.50	0.9995	672
-37.49	0.9995	672
-37.48	0.9995	672
-37.47	0.9995	671
-37.46	0.9995	671
-37.45	0.9995	671
-37.44	0.9995	671
-37.43	0.9995	671
-37.42	0.9995	671
-37.41	0.9995	671
-37.40	0.9995	671
-37.39	0.9995	671
-37.38	0.9995	671
-37.37	0.9995	671
-37.36	0.9995	671
-37.35	0.9995	671
-37.34	0.9995	671
-37.33	0.9995	670
-37.32	0.9995	670
-37.31	0.9995	670
-37.30	0.9995	670
-37.29	0.9995	670
-37.28	0.9995	670
-37.27	0.9995	670
-37.26	0.9995	670
-37.25	0.9995	670
-37.24	0.9995	670
-37.23	0.9995	670
-37.22	0.9995	670
-37.21	0.9995	670
-37.20	0.9995	670
-37.19	0.9995	670
-37.18	0.9995	669
-37.17	0.9995	669
-37.16	0.9995	669
-37.15	0.9995	669
-37.14	0.9995	669
-37.13	0.9995	669
-37.12	0.9995	669
-37.11	0.9995	669
-37.10	0.9995	669
-37.09	0.9995	669
-37.08	0.9995	669
-37.07	0.9995	669
-37.06	0.9995	669
-37.05	0.9995	669
-37.04	0.9995	668
-37.03	0.9995	668
-37.02	0.9995	668
-37.01	0.9995	668
-37.00	0.9995	668
-36.99	0.9995	668
-36.98	0.9995	668
-36.97	0.9995	668
-36.96	0.9995	668
-36.95	0.9995	668
-36.94	0.9995	668
-36.93	0.9995	668
-36.92	0.9995	668
-36.91	0.9995	668
-36.90	0.9995	667
-36.89	0.9995	667
-36.88	0.9995	667
-36.87	0.9995	667
-36.86	0.9995	667
-36.85	0.9995	667
-36.84	0.9995	667
-36.83	0.9995	667
-36.82	0.9995	667
-36.81	0.9995	667
-36.80	0.9995	667
-36.79	0.9995	667
-36.78	0.9995	667
-36.77	0.9995	667
-36.76	0.9995	667
-36.75	0.9995	666
-36.74	0.9995	666
-36.73	0.9995	666
-36.72	0.9995	666
-36.71	0.9995	666
-36.70	0.9995	666
-36.69	0.9995	666
-36.68	0.9995	666
-36.67	0.9995	666
-36.66	0.9995	666
-36.65	0.9995	666
-36.64	0.9995	666
-36.63	0.9995	666
-36.62	0.9995	666
-36.61	0.9995	665
-36.60	0.9995	665
-36.59	0.9995	665
-36.58	0.9995	665
-36.57	0.9995	665
-36.56	0.9995	665
-36.55	0.9995	665
-36.54	0.9995	665
-36.53	0.9995	665
-36.52	0.9995	665
-36.51	0.9995	665
-36.50	0.9995	665
-36.49	0.9995	665
-36.48	0.9995	665
-36.47	0.9995	664
-36.46	0.9995	664
-36.45	0.9995	664
-36.44	0.9995	664
-36.43	0.9995	664
-36.42	0.9995	664
-36.41	0.9995	664
-36.40	0.9995	664
-36.39	0.9995	664
-36.38	0.9995	664
-36.37	0.9995	664
-36.36	0.9995	664
-36.35	0.9995	664
-36.34	0.9995	664
-36.33	0.9995	663
-36.32	0.9995	663
-36.31	0.9995	663
-36.30	0.9995	663
-36.29	0.9995	663
-36.28	0.9995	663
-36.27	0.9995	663
-36.26	0.9995	663
-36.25	0.9995	663
-36.24	0.9995	663
-36.23	0.9995	663
-36.22	0.9995	663
-36.21	0.9995	663
-36.20	0.9995	663
-36.19	0.9995	662
-36.18	0.9995	662
-36.17	0.9995	662
-36.16	0.9995	662
-36.15	0.9995	662
-36.14	0.9995	662
-36.13	0.9995	662
-36.12	0.9995	662
-36.11	0.9995	662
-36.10	0.9995	662
-36.09	0.9995	662
-36.08	0.9995	662
-36.07	0.9995	662
-36.06	0.9995	662
-36.05	0.9995	661
-36.04	0.9995	661
-36.03	0.9995	661
-36.02	0.9995	661
-36.01	0.9995	661
-36.00	0.9995	661
-35.99	0.9995	661
-35.98	0.9995	661
-35.97	0.9995	661
-35.96	0.9995	661
-35.95	0.9995	661
-35.94	0.9995	661
-35.93	0.9995	661
-35.92	0.9995	661
-35.91	0.9995	660
-35.90	0.9995	660
-35.89	0.9995	660
-35.88	0.9995	660
-35.87	0.9995	660
-35.86	0.9995	660
-35.85	0.9995	660
-35.84	0.9995	660
-35.83	0.9995	660
-35.82	0.9995	660
-35.81	0.9995	660
-35.80	0.9995	660
-35.79	0.9995	660
-35.78	0.9995	660
-35.77	0.9995	659
-35.76	0.9995	659
-35.75	0.9995	659
-35.74	0.9995	659
-35.73	0.9995	659
-35.72	0.9995	659
-35.71	0.9995	659
-35.70	0.9995	659
-35.69	0.9995	659
-35.68	0.9995	659
-35.67	0.9995	659
-35.66	0.9995	659
-35.65	0.9995	659
-35.64	0.9995	659
-35.63	0.9995	658
-35.62	0.9995	658
-35.61	0.9995	658
-35.60	0.9995	658
-35.59	0.9995	658
-35.58	0.9995	658
-35.57	0.9995	658
-35.56	0.9995	658
-35.55	0.9995	658
-35.54	0.9995	658
-35.53	0.9995	658
-35.52	0.9995	658
-35.51	0.9995	658
-35.50	0.9995	658
-35.49	0.9995	657
-35.48	0.9995	657
-35.47	0.9995	657
-35.46	0.9995	657
-35.45	0.9995	657
-35.44	0.9995	657
-35.43	0.9995	657
-35.42	0.9995	657
-35.41	0.9995	657
-35.40	0.9995	657
-35.39	0.9995	657
-35.38	0.9995	657
-35.37	0.9995	657
-35.36	0.9995	657
-35.35	0.9995	656
-35.34	0.9995	656
-35.33	0.9995	656
-35.32	0.9995	656
-35.31	0.9995	656
-35.30	0.9995	656
-35.29	0.9995	656
-35.28	0.9995	656
-35.27	0.9995	656
-35.26	0.9995	656
-35.25	0.9995	656
-35.24	0.9995	656
-35.23	0.9994	656
-35.22	0.9994	656
-35.21	0.9994	655
-35.20	0.9994	655
-35.19	0.9994	655
-35.18	0.9994	655
-35.17	0.9993	655
-35.16	0.9993	655
-35.15	0.9993	655
-35.14	0.9993	655
-35.13	0.9993	655
-35.12	0.9993	655
-35.11	0.9993	655
-35.10	0.9993	655
-35.09	0.9993	655
-35.08	0.9993	655
-35.07	0.9993	654
-35.06	0.9993	654
-35.05	0.9993	654
-35.04	0.9993	654
-35.03	0.9993	654
-35.02	0.9993	654
-35.01	0.9993	654
-35.00	0.9993	654
-34.99	0.9993	654
-34.98	0.9993	654
-34.97	0.9993	654
-34.96	0.9993	654
-34.95	0.9993	654
-34.94	0.9993	653
-34.93	0.9993	653
-34.92	0.9993	653
-34.91	0.9993	653
-34.90	0.9993	653
-34.89	0.9993	653
-34.88	0.9993	653
-34.87	0.9993	653
-34.86	0.9993	653
-34.85	0.9993	653
-34.84	0.9993	653
-34.83	0.9993	653
-34.82	0.9993	653
-34.81	0.9993	653
-34.80	0.9993	652
-34.79	0.9993	652
-34.78	0.9993	652
-34.77	0.9993	652
-34.76	0.9993	652
-34.75	0.9993	652
-34.74	0.9993	652
-34.73	0.9993	652
-34.72	0.9993	652
-34.71	0.9993	652
-34.70	0.9993	652
-34.69	0.9993	652
-34.68	0.9993	652
-34.67	0.9993	651
-34.66	0.9993	651
-34.65	0.9993	651
-34.64	0.9993	651
-34.63	0.9993	651
-34.62	0.9993	651
-34.61	0.9993	651
-34.60	0.9993	651
-34.59	0.9993	651
-34.58	0.9993	651
-34.57	0.9993	651
-34.56	0.9993	651
-34.55	0.9993	651
-34.54	0.9993	651
-34.53	0.9993	650
-34.52	0.9993	650
-34.51	0.9993	650
-34.50	0.9993	650
-34.49	0.9993	650
-34.48	0.9993	650
-34.47	0.9993	650
-34.46	0.9993	650
-34.45	0.9993	650
-34.44	0.9993	650
-34.43	0.9993	650
-34.42	0.9993	650
-34.41	0.9993	650
-34.40	0.9993	649
-34.39	0.9993	649
-34.38	0.9993	649
-34.37	0.9993	649
-34.36	0.9993	649
-34.35	0.9993	649
-34.34	0.9993	649
-34.33	0.9993	649
-34.32	0.9993	649
-34.31	0.9993	649
-34.30	0.9993	649
-34.29	0.9993	649
-34.28	0.9993	649
-34.27	0.9993	648
-34.26	0.9993	648
-34.25	0.9993	648
-34.24	0.9993	648
-34.23	0.9993	648
-34.22	0.9993	648
-34.21	0.9993	648
-34.20	0.9993	648
-34.19	0.9993	648
-34.18	0.9993	648
-34.17	0.9993	648
-34.16	0.9993	648
-34.15	0.9993	648
-34.14	0.9993	648
-34.13	0.9993	647
-34.12	0.9993	647
-34.11	0.9993	647
-34.10	0.9993	647
-34.09	0.9993	647
-34.08	0.9993	647
-34.07	0.9993	647
-34.06	0.9993	647
-34.05	0.9993	647
-34.04	0.9993	647
-34.03	0.9993	647
-34.02	0.9993	647
-34.01	0.9993	647
-34.00	0.9993	646
-33.99	0.9993	646
-33.98	0.9993	646
-33.97	0.9993	646
-33.96	0.9993	646
-33.95	0.9993	646
-33.94	0.9993	646
-33.93	0.9993	646
-33.92	0.9993	646
-33.91	0.9993	646
-33.90	0.9993	646
-33.89	0.9993	646
-33.88	0.9993	646
-33.87	0.9993	646
-33.86	0.9993	645
-33.85	0.9993	645
-33.84	0.9993	645
-33.83	0.9993	645
-33.82	0.9993	645
-33.81	0.9993	645
-33.80	0.9993	645
-33.79	0.9993	645
-33.78	0.9993	645
-33.77	0.9993	645
-33.76	0.9993	645
-33.75	0.9993	645
-33.74	0.9993	645
-33.73	0.9993	644
-33.72	0.9993	644
-33.71	0.9993	644
-33.70	0.9993	644
-33.69	0.9993	644
-33.68	0.9993	644
-33.67	0.9993	644
-33.66	0.9993	644
-33.65	0.9993	644
-33.64	0.9993	644
-33.63	0.9993	644
-33.62	0.9993	644
-33.61	0.9993	644
-33.60	0.9993	643
-33.59	0.9993	643
-33.58	0.9993	643
-33.57	0.9993	643
-33.56	0.9993	643
-33.55	0.9993	643
-33.54	0.9993	643
-33.53	0.9993	643
-33.52	0.9993	643
-33.51	0.9993	643
-33.50	0.9993	643
-33.49	0.9993	643
-33.48	0.9993	643
-33.47	0.9993	642
-33.46	0.9993	642
-33.45	0.9993	642
-33.44	0.9993	642
-33.43	0.9993	642
-33.42	0.9993	642
-33.41	0.9993	642
-33.40	0.9993	642
-33.39	0.9993	642
-33.38	0.9993	642
-33.37	0.9993	642
-33.36	0.9993	642
-33.35	0.9993	642
-33.34	0.9993	641
-33.33	0.9993	641
-33.32	0.9993	641
-33.31	0.9993	641
-33.30	0.9993	641
-33.29	0.9993	641
-33.28	0.9993	641
-33.27	0.9993	641
-33.26	0.9993	641
-33.25	0.9993	641
-33.24	0.9993	641
-33.23	0.9993	641
-33.22	0.9993	641
-33.21	0.9993	641
-33.20	0.9993	640
-33.19	0.9993	640
-33.18	0.9993	640
-33.17	0.9993	640
-33.16	0.9993	640
-33.15	0.9993	640
-33.14	0.9993	640
-33.13	0.9993	640
-33.12	0.9993	640
-33.11	0.9993	640
-33.10	0.9993	640
-33.09	0.9993	640
-33.08	0.9993	640
-33.07	0.9993	639
-33.06	0.9993	639
-33.05	0.9993	639
-33.04	0.9993	639
-33.03	0.9993	639
-33.02	0.9993	639
-33.01	0.9993	639
-33.00	0.9993	639
-32.99	0.9993	639
-32.98	0.9993	639
-32.97	0.9993	639
-32.96	0.9993	639
-32.95	0.9993	639
-32.94	0.9993	638
-32.93	0.9993	638
-32.92	0.9993	638
-32.91	0.9993	638
-32.90	0.9993	638
-32.89	0.9993	638
-32.88	0.9993	638
-32.87	0.9993	638
-32.86	0.9993	638
-32.85	0.9993	638
-32.84	0.9993	638
-32.83	0.9993	638
-32.82	0.9993	637
-32.81	0.9993	637
-32.80	0.9993	637
-32.79	0.9993	637
-32.78	0.9993	637
-32.77	0.9993	637
-32.76	0.9993	637
-32.75	0.9993	637
-32.74	0.9993	637
-32.73	0.9993	637
-32.72	0.9993	637
-32.71	0.9993	637
-32.70	0.9993	637
-32.69	0.9993	636
-32.68	0.9993	636
-32.67	0.9993	636
-32.66	0.9993	636
-32.65	0.9993	636
-32.64	0.9993	636
-32.63	0.9993	636
-32.62	0.9993	636
-32.61	0.9993	636
-32.60	0.9993	636
-32.59	0.9993	636
-32.58	0.9993	636
-32.57	0.9993	636
-32.56	0.9993	635
-32.55	0.9993	635
-32.54	0.9993	635
-32.53	0.9993	635
-32.52	0.9993	635
-32.51	0.9993	635
-32.50	0.9993	635
-32.49	0.9993	635
-32.48	0.9993	635
-32.47	0.9993	635
-32.46	0.9993	635
-32.45	0.9993	635
-32.44	0.9993	634
-32.43	0.9993	634
-32.42	0.9993	634
-32.41	0.9993	634
-32.40	0.9993	634
-32.39	0.9993	634
-32.38	0.9993	634
-32.37	0.9993	634
-32.36	0.9993	634
-32.35	0.9993	634
-32.34	0.9993	634
-32.33	0.9993	634
-32.32	0.9993	634
-32.31	0.9993	633
-32.30	0.9993	633
-32.29	0.9993	633
-32.28	0.9993	633
-32.27	0.9993	633
-32.26	0.9993	633
-32.25	0.9993	633
-32.24	0.9993	633
-32.23	0.9993	633
-32.22	0.9993	633
-32.21	0.9993	633
-32.20	0.9993	633
-32.19	0.9993	633
-32.18	0.9993	632
-32.17	0.9993	632
-32.16	0.9993	632
-32.15	0.9993	632
-32.14	0.9993	632
-32.13	0.9993	632
-32.12	0.9993	632
-32.11	0.9993	632
-32.10	0.9993	632
-32.09	0.9993	632
-32.08	0.9993	632
-32.07	0.9993	632
-32.06	0.9993	631
-32.05	0.9993	631
-32.04	0.9993	631
-32.03	0.9993	631
-32.02	0.9993	631
-32.01	0.9993	631
-32.00	0.9993	631
-31.99	0.9993	631
-31.98	0.9993	631
-31.97	0.9993	631
-31.96	0.9993	631
-31.95	0.9993	631
-31.94	0.9993	631
-31.93	0.9993	630
-31.92	0.9993	630
-31.91	0.9991	630
-31.90	0.9991	630
-31.89	0.9991	630
-31.88	0.9991	630
-31.87	0.9991	630
-31.86	0.9991	630
-31.85	0.9991	630
-31.84	0.9991	630
-31.83	0.9991	630
-31.82	0.9991	630
-31.81	0.9991	629
-31.80	0.9991	629
-31.79	0.9991	629
-31.78	0.9991	629
-31.77	0.9991	629
-31.76	0.9991	629
-31.75	0.9991	629
-31.74	0.9991	629
-31.73	0.9991	629
-31.72	0.9991	629
-31.71	0.9991	629
-31.70	0.9991	629
-31.69	0.9991	629
-31.68	0.9991	628
-31.67	0.9991	628
-31.66	0.9991	628
-31.65	0.9991	628
-31.64	0.9991	628
-31.63	0.9991	628
-31.62	0.9991	628
-31.61	0.9991	628
-31.60	0.9991	628
-31.59	0.9991	628
-31.58	0.9991	628
-31.57	0.9991	628
-31.56	0.9991	628
-31.55	0.9991	627
-31.54	0.9991	627
-31.53	0.9991	627
-31.52	0.9991	627
-31.51	0.9991	627
-31.50	0.9991	627
-31.49	0.9991	627
-31.48	0.9991	627
-31.47	0.9991	627
-31.46	0.9991	627
-31.45	0.9991	627
-31.44	0.9991	627
-31.43	0.9991	626
-31.42	0.9991	626
-31.41	0.9991	626
-31.40	0.9991	626
-31.39	0.9991	626
-31.38	0.9991	626
-31.37	0.9991	626
-31.36	0.9991	626
-31.35	0.9991	626
-31.34	0.9991	626
-31.33	0.9991	626
-31.32	0.9991	626
-31.31	0.9991	626
-31.30	0.9991	625
-31.29	0.9991	625
-31.28	0.9991	625
-31.27	0.9991	625
-31.26	0.9991	625
-31.25	0.9991	625
-31.24	0.9991	625
-31.23	0.9991	625
-31.22	0.9991	625
-31.21	0.9991	625
-31.20	0.9991	625
-31.19	0.9991	625
-31.18	0.9991	624
-31.17	0.9991	624
-31.16	0.9991	624
-31.15	0.9991	624
-31.14	0.9991	624
-31.13	0.9991	624
-31.12	0.9991	624
-31.11	0.9991	624
-31.10	0.9991	624
-31.09	0.9991	624
-31.08	0.9991	624
-31.07	0.9991	624
-31.06	0.9991	623
-31.05	0.9991	623
-31.04	0.9991	623
-31.03	0.9991	623
-31.02	0.9991	623
-31.01	0.9991	623
-31.00	0.9991	623
-30.99	0.9991	623
-30.98	0.9991	623
-30.97	0.9991	623
-30.96	0.9991	623
-30.95	0.9991	623
-30.94	0.9991	622
-30.93	0.9991	622
-30.92	0.9991	622
-30.91	0.9991	622
-30.90	0.9991	622
-30.89	0.9991	622
-30.88	0.9991	622
-30.87	0.9991	622
-30.86	0.9991	622
-30.85	0.9991	622
-30.84	0.9991	622
-30.83	0.9991	622
-30.82	0.9991	621
-30.81	0.9991	621
-30.80	0.9991	621
-30.79	0.9991	621
-30.78	0.9991	621
-30.77	0.9991	621
-30.76	0.9991	621
-30.75	0.9991	621
-30.74	0.9991	621
-30.73	0.9991	621
-30.72	0.9991	621
-30.71	0.9991	621
-30.70	0.9991	620
-30.69	0.9991	620
-30.68	0.9991	620
-30.67	0.9991	620
-30.66	0.9991	620
-30.65	0.9991	620
-30.64	0.9991	620
-30.63	0.9991	620
-30.62	0.9991	620
-30.61	0.9991	620
-30.60	0.9991	620
-30.59	0.9991	620
-30.58	0.9991	619
-30.57	0.9991	619
-30.56	0.9991	619
-30.55	0.9991	619
-30.54	0.9991	619
-30.53	0.9991	619
-30.52	0.9991	619
-30.51	0.9991	619
-30.50	0.9991	619
-30.49	0.9991	619
-30.48	0.9991	619
-30.47	0.9991	619
-30.46	0.9991	618
-30.45	0.9991	618
-30.44	0.9991	618
-30.43	0.9991	618
-30.42	0.9991	618
-30.41	0.9991	618
-30.40	0.9991	618
-30.39	0.9991	618
-30.38	0.9991	618
-30.37	0.9991	618
-30.36	0.9991	618
-30.35	0.9991	618
-30.34	0.9991	617
-30.33	0.9991	617
-30.32	0.9990	617
-30.31	0.9990	617
-30.30	0.9990	617
-30.29	0.9990	617
-30.28	0.9990	617
-30.27	0.9990	617
-30.26	0.9990	617
-30.25	0.9990	617
-30.24	0.9990	617
-30.23	0.9990	617
-30.22	0.9990	616
-30.21	0.9990	616
-30.20	0.9990	616
-30.19	0.9990	616
-30.18	0.9990	616
-30.17	0.9990	616
-30.16	0.9990	616
-30.15	0.9990	616
-30.14	0.9990	616
-30.13	0.9990	616
-30.12	0.9990	616
-30.11	0.9990	616
-30.10	0.9990	615
-30.09	0.9990	615
-30.08	0.9990	615
-30.07	0.9990	615
-30.06	0.9990	615
-30.05	0.9990	615
-30.04	0.9990	615
-30.03	0.9990	615
-30.02	0.9990	615
-30.01	0.9990	615
-30.00	0.9990	615
-29.99	0.9990	615
-29.98	0.9990	614
-29.97	0.9990	614
-29.96	0.9990	614
-29.95	0.9990	614
-29.94	0.9990	614
-29.93	0.9990	614
-29.92	0.9990	614
-29.91	0.9990	614
-29.90	0.9990	614
-29.89	0.9990	614
-29.88	0.9990	614
-29.87	0.9990	614
-29.86	0.9990	613
-29.85	0.9989	613
-29.84	0.9989	613
-29.83	0.9989	613
-29.82	0.9989	613
-29.81	0.9989	613
-29.80	0.9989	613
-29.79	0.9989	613
-29.78	0.9989	613
-29.77	0.9989	613
-29.76	0.9989	613
-29.75	0.9989	613
-29.74	0.9989	612
-29.73	0.9989	612
-29.72	0.9989	612
-29.71	0.9989	612
-29.70	0.9989	612
-29.69	0.9989	612
-29.68	0.9989	612
-29.67	0.9989	612
-29.66	0.9989	612
-29.65	0.9989	612
-29.64	0.9989	612
-29.63	0.9989	612
-29.62	0.9989	611
-29.61	0.9989	611
-29.60	0.9989	611
-29.59	0.9989	611
-29.58	0.9989	611
-29.57	0.9989	611
-29.56	0.9989	611
-29.55	0.9989	611
-29.54	0.9989	611
-29.53	0.9989	611
-29.52	0.9989	611
-29.51	0.9989	610
-29.50	0.9989	610
-29.49	0.9989	610
-29.48	0.9989	610
-29.47	0.9989	610
-29.46	0.9989	610
-29.45	0.9989	610
-29.44	0.9989	610
-29.43	0.9989	610
-29.42	0.9989	610
-29.41	0.9989	610
-29.40	0.9989	610
-29.39	0.9989	609
-29.38	0.9989	609
-29.37	0.9989	609
-29.36	0.9989	609
-29.35	0.9989	609
-29.34	0.9989	609
-29.33	0.9989	609
-29.32	0.9989	609
-29.31	0.9989	609
-29.30	0.9989	609
-29.29	0.9989	609
-29.28	0.9989	609
-29.27	0.9989	608
-29.26	0.9989	608
-29.25	0.9989	608
-29.24	0.9989	608
-29.23	0.9989	608
-29.22	0.9989	608
-29.21	0.9989	608
-29.20	0.9989	608
-29.19	0.9989	608
-29.18	0.9989	608
-29.17	0.9989	608
-29.16	0.9989	607
-29.15	0.9989	607
-29.14	0.9989	607
-29.13	0.9989	607
-29.12	0.9989	607
-29.11	0.9989	607
-29.10	0.9989	607
-29.09	0.9989	607
-29.08	0.9989	607
-29.07	0.9989	607
-29.06	0.9989	607
-29.05	0.9989	607
-29.04	0.9989	606
-29.03	0.9989	606
-29.02	0.9989	606
-29.01	0.9989	606
-29.00	0.9989	606
-28.99	0.9989	606
-28.98	0.9989	606
-28.97	0.9989	606
-28.96	0.9989	606
-28.95	0.9989	606
-28.94	0.9989	606
-28.93	0.9989	605
-28.92	0.9989	605
-28.91	0.9989	605
-28.90	0.9989	605
-28.89	0.9989	605
-28.88	0.9989	605
-28.87	0.9989	605
-28.86	0.9989	605
-28.85	0.9989	605
-28.84	0.9989	605
-28.83	0.9989	605
-28.82	0.9989	605
-28.81	0.9989	604
-28.80	0.9989	604
-28.79	0.9989	604
-28.78	0.9989	604
-28.77	0.9989	604
-28.76	0.9989	604
-28.75	0.9989	604
-28.74	0.9989	604
-28.73	0.9989	604
-28.72	0.9989	604
-28.71	0.9989	604
-28.70	0.9989	603
-28.69	0.9989	603
-28.68	0.9989	603
-28.67	0.9989	603
-28.66	0.9989	603
-28.65	0.9989	603
-28.64	0.9989	603
-28.63	0.9989	603
-28.62	0.9989	603
-28.61	0.9989	603
-28.60	0.9989	603
-28.59	0.9989	602
-28.58	0.9989	602
-28.57	0.9989	602
-28.56	0.9989	602
-28.55	0.9989	602
-28.54	0.9989	602
-28.53	0.9989	602
-28.52	0.9989	602
-28.51	0.9989	602
-28.50	0.9989	602
-28.49	0.9989	602
-28.48	0.9989	602
-28.47	0.9989	601
-28.46	0.9989	601
-28.45	0.9989	601
-28.44	0.9989	601
-28.43	0.9989	601
-28.42	0.9989	601
-28.41	0.9989	601
-28.40	0.9989	601
-28.39	0.9989	601
-28.38	0.9989	601
-28.37	0.9989	601
-28.36	0.9989	600
-28.35	0.9989	600
-28.34	0.9989	600
-28.33	0.9989	600
-28.32	0.9989	600
-28.31	0.9989	600
-28.30	0.9989	600
-28.29	0.9989	600
-28.28	0.9989	600
-28.27	0.9989	600
-28.26	0.9989	600
-28.25	0.9989	599
-28.24	0.9989	599
-28.23	0.9989	599
-28.22	0.9989	599
-28.21	0.9989	599
-28.20	0.9989	599
-28.19	0.9989	599
-28.18	0.9989	599
-28.17	0.9989	599
-28.16	0.9989	599
-28.15	0.9989	599
-28.14	0.9989	599
-28.13	0.9989	598
-28.12	0.9989	598
-28.11	0.9989	598
-28.10	0.9989	598
-28.09	0.9989	598
-28.08	0.9989	598
-28.07	0.9989	598
-28.06	0.9989	598
-28.05	0.9989	598
-28.04	0.9989	598
-28.03	0.9989	598
-28.02	0.9989	597
-28.01	0.9989	597
-28.00	0.9989	597
-27.99	0.9989	597
-27.98	0.9989	597
-27.97	0.9989	597
-27.96	0.9989	597
-27.95	0.9989	597
-27.94	0.9989	597
-27.93	0.9989	597
-27.92	0.9989	597
-27.91	0.9989	596
-27.90	0.9989	596
-27.89	0.9989	596
-27.88	0.9989	596
-27.87	0.9989	596
-27.86	0.9989	596
-27.85	0.9989	596
-27.84	0.9988	596
-27.83	0.9988	596
-27.82	0.9988	596
-27.81	0.9988	596
-27.80	0.9988	595
-27.79	0.9988	595
-27.78	0.9988	595
-27.77	0.9988	595
-27.76	0.9988	595
-27.75	0.9988	595
-27.74	0.9988	595
-27.73	0.9988	595
-27.72	0.9988	595
-27.71	0.9988	595
-27.70	0.9988	595
-27.69	0.9988	594
-27.68	0.9988	594
-27.67	0.9988	594
-27.66	0.9988	594
-27.65	0.9988	594
-27.64	0.9988	594
-27.63	0.9988	594
-27.62	0.9988	594
-27.61	0.9988	594
-27.60	0.9988	594
-27.59	0.9988	594
-27.58	0.9988	593
-27.57	0.9988	593
-27.56	0.9988	593
-27.55	0.9988	593
-27.54	0.9988	593
-27.53	0.9988	593
-27.52	0.9988	593
-27.51	0.9988	593
-27.50	0.9988	593
-27.49	0.9988	593
-27.48	0.9988	593
-27.47	0.9988	592
-27.46	0.9988	592
-27.45	0.9988	592
-27.44	0.9988	592
-27.43	0.9988	592
-27.42	0.9988	592
-27.41	0.9988	592
-27.40	0.9988	592
-27.39	0.9988	592
-27.38	0.9988	592
-27.37	0.9988	592
-27.36	0.9988	591
-27.35	0.9988	591
-27.34	0.9988	591
-27.33	0.9988	591
-27.32	0.9988	591
-27.31	0.9988	591
-27.30	0.9988	591
-27.29	0.9988	591
-27.28	0.9988	591
-27.27	0.9988	591
-27.26	0.9988	591
-27.25	0.9988	590
-27.24	0.9988	590
-27.23	0.9988	590
-27.22	0.9988	590
-27.21	0.9988	590
-27.20	0.9988	590
-27.19	0.9988	590
-27.18	0.9988	590
-27.17	0.9988	590
-27.16	0.9988	590
-27.15	0.9988	590
-27.14	0.9988	589
-27.13	0.9988	589
-27.12	0.9988	589
-27.11	0.9988	589
-27.10	0.9986	589
-27.09	0.9986	589
-27.08	0.9986	589
-27.07	0.9986	589
-27.06	0.9986	589
-27.05	0.9986	589
-27.04	0.9986	589
-27.03	0.9986	588
-27.02	0.9986	588
-27.01	0.9986	588
-27.00	0.9986	588
-26.99	0.9986	588
-26.98	0.9986	588
-26.97	0.9986	588
-26.96	0.9986	588
-26.95	0.9986	588
-26.94	0.9986	588
-26.93	0.9986	587
-26.92	0.9986	587
-26.91	0.9986	587
-26.90	0.9986	587
-26.89	0.9986	587
-26.88	0.9986	587
-26.87	0.9986	587
-26.86	0.9986	587
-26.85	0.9986	587
-26.84	0.9986	587
-26.83	0.9986	587
-26.82	0.9986	586
-26.81	0.9986	586
-26.80	0.9986	586
-26.79	0.9986	586
-26.78	0.9986	586
-26.77	0.9986	586
-26.76	0.9986	586
-26.75	0.9986	586
-26.74	0.9986	586
-26.73	0.9986	586
-26.72	0.9986	586
-26.71	0.9986	585
-26.70	0.9986	585
-26.69	0.9986	585
-26.68	0.9986	585
-26.67	0.9986	585
-26.66	0.9986	585
-26.65	0.9986	585
-26.64	0.9986	585
-26.63	0.9986	585
-26.62	0.9986	585
-26.61	0.9986	585
-26.60	0.9986	584
-26.59	0.9986	584
-26.58	0.9986	584
-26.57	0.9986	584
-26.56	0.9986	584
-26.55	0.9986	584
-26.54	0.9986	584
-26.53	0.9986	584
-26.52	0.9986	584
-26.51	0.9986	584
-26.50	0.9986	584
-26.49	0.9986	583
-26.48	0.9986	583
-26.47	0.9986	583
-26.46	0.9986	583
-26.45	0.9986	583
-26.44	0.9986	583
-26.43	0.9986	583
-26.42	0.9986	583
-26.41	0.9986	583
-26.40	0.9986	583
-26.39	0.9986	582
-26.38	0.9986	582
-26.37	0.9986	582
-26.36	0.9986	582
-26.35	0.9986	582
-26.34	0.9986	582
-26.33	0.9986	582
-26.32	0.9986	582
-26.31	0.9986	582
-26.30	0.9986	582
-26.29	0.9986	582
-26.28	0.9986	581
-26.27	0.9986	581
-26.26	0.9985	581
-26.25	0.9985	581
-26.24	0.9985	581
-26.23	0.9985	581
-26.22	0.9985	581
-26.21	0.9985	581
-26.20	0.9985	581
-26.19	0.9985	581
-26.18	0.9985	580
-26.17	0.9984	580
-26.16	0.9984	580
-26.15	0.9984	580
-26.14	0.9984	580
-26.13	0.9984	580
-26.12	0.9984	580
-26.11	0.9984	580
-26.10	0.9984	580
-26.09	0.9984	580
-26.08	0.9984	580
-26.07	0.9984	579
-26.06	0.9984	579
-26.05	0.9984	579
-26.04	0.9984	579
-26.03	0.9984	579
-26.02	0.9984	579
-26.01	0.9984	579
-26.00	0.9984	579
-25.99	0.9984	579
-25.98	0.9984	579
-25.97	0.9984	579
-25.96	0.9984	578
-25.95	0.9984	578
-25.94	0.9984	578
-25.93	0.9984	578
-25.92	0.9984	578
-25.91	0.9984	578
-25.90	0.9984	578
-25.89	0.9984	578
-25.88	0.9984	578
-25.87	0.9983	578
-25.86	0.9983	577
-25.85	0.9983	577
-25.84	0.9983	577
-25.83	0.9983	577
-25.82	0.9983	577
-25.81	0.9983	577
-25.80	0.9983	577
-25.79	0.9983	577
-25.78	0.9983	577
-25.77	0.9983	577
-25.76	0.9983	577
-25.75	0.9983	576
-25.74	0.9983	576
-25.73	0.9983	576
-25.72	0.9983	576
-25.71	0.9983	576
-25.70	0.9983	576
-25.69	0.9983	576
-25.68	0.9983	576
-25.67	0.9983	576
-25.66	0.9983	576
-25.65	0.9983	575
-25.64	0.9983	575
-25.63	0.9983	575
-25.62	0.9983	575
-25.61	0.9983	575
-25.60	0.9983	575
-25.59	0.9983	575
-25.58	0.9983	575
-25.57	0.9983	575
-25.56	0.9983	575
-25.55	0.9983	575
-25.54	0.9983	574
-25.53	0.9983	574
-25.52	0.9983	574
-25.51	0.9983	574
-25.50	0.9983	574
-25.49	0.9983	574
-25.48	0.9983	574
-25.47	0.9983	574
-25.46	0.9983	574
-25.45	0.9983	574
-25.44	0.9983	573
-25.43	0.9983	573
-25.42	0.9983	573
-25.41	0.9983	573
-25.40	0.9983	573
-25.39	0.9983	573
-25.38	0.9983	573
-25.37	0.9983	573
-25.36	0.9983	573
-25.35	0.9983	573
-25.34	0.9983	572
-25.33	0.9983	572
-25.32	0.9983	572
-25.31	0.9983	572
-25.30	0.9983	572
-25.29	0.9983	572
-25.28	0.9983	572
-25.27	0.9983	572
-25.26	0.9983	572
-25.25	0.9983	572
-25.24	0.9983	572
-25.23	0.9983	571
-25.22	0.9983	571
-25.21	0.9983	571
-25.20	0.9983	571
-25.19	0.9983	571
-25.18	0.9983	571
-25.17	0.9983	571
-25.16	0.9983	571
-25.15	0.9983	571
-25.14	0.9983	571
-25.13	0.9983	570
-25.12	0.9983	570
-25.11	0.9983	570
-25.10	0.9983	570
-25.09	0.9983	570
-25.08	0.9983	570
-25.07	0.9983	570
-25.06	0.9983	570
-25.05	0.9983	570
-25.04	0.9983	570
-25.03	0.9983	569
-25.02	0.9983	569
-25.01	0.9983	569
-25.00	0.9983	569
-24.99	0.9983	569
-24.98	0.9983	569
-24.97	0.9982	569
-24.96	0.9982	569
-24.95	0.9982	569
-24.94	0.9982	569
-24.93	0.9982	568
-24.92	0.9982	568
-24.91	0.9982	568
-24.90	0.9982	568
-24.89	0.9982	568
-24.88	0.9982	568
-24.87	0.9982	568
-24.86	0.9982	568
-24.85	0.9982	568
-24.84	0.9982	568
-24.83	0.9982	567
-24.82	0.9982	567
-24.81	0.9982	567
-24.80	0.9982	567
-24.79	0.9982	567
-24.78	0.9982	567
-24.77	0.9982	567
-24.76	0.9982	567
-24.75	0.9982	567
-24.74	0.9982	567
-24.73	0.9982	566
-24.72	0.9982	566
-24.71	0.9982	566
-24.70	0.9982	566
-24.69	0.9982	566
-24.68	0.9982	566
-24.67	0.9982	566
-24.66	0.9982	566
-24.65	0.9982	566
-24.64	0.9980	566
-24.63	0.9980	565
-24.62	0.9980	565
-24.61	0.9980	565
-24.60	0.9980	565
-24.59	0.9980	565
-24.58	0.9980	565
-24.57	0.9980	565
-24.56	0.9980	565
-24.55	0.9980	565
-24.54	0.9980	565
-24.53	0.9980	564
-24.52	0.9980	564
-24.51	0.9980	564
-24.50	0.9980	564
-24.49	0.9980	564
-24.48	0.9980	564
-24.47	0.9980	564
-24.46	0.9980	564
-24.45	0.9980	564
-24.44	0.9980	564
-24.43	0.9980	563
-24.42	0.9980	563
-24.41	0.9980	563
-24.40	0.9980	563
-24.39	0.9980	563
-24.38	0.9980	563
-24.37	0.9980	563
-24.36	0.9980	563
-24.35	0.9980	563
-24.34	0.9980	563
-24.33	0.9980	562
-24.32	0.9980	562
-24.31	0.9980	562
-24.30	0.9980	562
-24.29	0.9980	562
-24.28	0.9980	562
-24.27	0.9980	562
-24.26	0.9980	562
-24.25	0.9980	562
-24.24	0.9980	562
-24.23	0.9979	562
-24.22	0.9979	561
-24.21	0.9979	561
-24.20	0.9979	561
-24.19	0.9979	561
-24.18	0.9979	561
-24.17	0.9979	561
-24.16	0.9979	561
-24.15	0.9979	561
-24.14	0.9979	561
-24.13	0.9979	560
-24.12	0.9979	560
-24.11	0.9979	560
-24.10	0.9979	560
-24.09	0.9979	560
-24.08	0.9979	560
-24.07	0.9979	560
-24.06	0.9979	560
-24.05	0.9979	560
-24.04	0.9979	560
-24.03	0.9979	559
-24.02	0.9979	559
-24.01	0.9979	559
-24.00	0.9979	559
-23.99	0.9979	559
-23.98	0.9979	559
-23.97	0.9979	559
-23.96	0.9979	559
-23.95	0.9979	559
-23.94	0.9979	559
-23.93	0.9979	558
-23.92	0.9979	558
-23.91	0.9979	558
-23.90	0.9978	558
-23.89	0.9978	558
-23.88	0.9978	558
-23.87	0.9978	558
-23.86	0.9978	558
-23.85	0.9978	558
-23.84	0.9978	558
-23.83	0.9978	557
-23.82	0.9978	557
-23.81	0.9978	557
-23.80	0.9978	557
-23.79	0.9978	557
-23.78	0.9978	557
-23.77	0.9978	557
-23.76	0.9977	557
-23.75	0.9977	557
-23.74	0.9977	557
-23.73	0.9977	556
-23.72	0.9977	556
-23.71	0.9975	556
-23.70	0.9975	556
-23.69	0.9975	556
-23.68	0.9975	556
-23.67	0.9975	556
-23.66	0.9975	556
-23.65	0.9975	556
-23.64	0.9975	555
-23.63	0.9975	555
-23.62	0.9975	555
-23.61	0.9975	555
-23.60	0.9975	555
-23.59	0.9975	555
-23.58	0.9975	555
-23.57	0.9975	555
-23.56	0.9975	555
-23.55	0.9975	555
-23.54	0.9975	554
-23.53	0.9975	554
-23.52	0.9975	554
-23.51	0.9975	554
-23.50	0.9975	554
-23.49	0.9975	554
-23.48	0.9975	554
-23.47	0.9975	554
-23.46	0.9975	554
-23.45	0.9975	554
-23.44	0.9975	553
-23.43	0.9975	553
-23.42	0.9975	553
-23.41	0.9975	553
-23.40	0.9975	553
-23.39	0.9975	553
-23.38	0.9975	553
-23.37	0.9975	553
-23.36	0.9974	553
-23.35	0.9974	553
-23.34	0.9974	552
-23.33	0.9974	552
-23.32	0.9974	552
-23.31	0.9974	552
-23.30	0.9974	552
-23.29	0.9974	552
-23.28	0.9974	552
-23.27	0.9974	552
-23.26	0.9974	552
-23.25	0.9974	551
-23.24	0.9974	551
-23.23	0.9974	551
-23.22	0.9974	551
-23.21	0.9974	551
-23.20	0.9974	551
-23.19	0.9974	551
-23.18	0.9974	551
-23.17	0.9974	551
-23.16	0.9974	551
-23.15	0.9974	550
-23.14	0.9974	550
-23.13	0.9974	550
-23.12	0.9974	550
-23.11	0.9974	550
-23.10	0.9974	550
-23.09	0.9974	550
-23.08	0.9974	550
-23.07	0.9974	550
-23.06	0.9974	550
-23.05	0.9974	549
-23.04	0.9974	549
-23.03	0.9974	549
-23.02	0.9974	549
-23.01	0.9974	549
-23.00	0.9974	549
-22.99	0.9974	549
-22.98	0.9974	549
-22.97	0.9974	549
-22.96	0.9973	548
-22.95	0.9973	548
-22.94	0.9973	548
-22.93	0.9973	548
-22.92	0.9973	548
-22.91	0.9973	548
-22.90	0.9973	548
-22.89	0.9973	548
-22.88	0.9973	548
-22.87	0.9973	548
-22.86	0.9973	547
-22.85	0.9973	547
-22.84	0.9973	547
-22.83	0.9973	547
-22.82	0.9973	547
-22.81	0.9972	547
-22.80	0.9972	547
-22.79	0.9972	547
-22.78	0.9972	547
-22.77	0.9972	546
-22.76	0.9972	546
-22.75	0.9972	546
-22.74	0.9972	546
-22.73	0.9972	546
-22.72	0.9972	546
-22.71	0.9972	546
-22.70	0.9972	546
-22.69	0.9972	546
-22.68	0.9972	546
-22.67	0.9972	545
-22.66	0.9972	545
-22.65	0.9972	545
-22.64	0.9972	545
-22.63	0.9972	545
-22.62	0.9972	545
-22.61	0.9972	545
-22.60	0.9972	545
-22.59	0.9972	545
-22.58	0.9972	544
-22.57	0.9972	544
-22.56	0.9972	544
-22.55	0.9972	544
-22.54	0.9972	544
-22.53	0.9972	544
-22.52	0.9972	544
-22.51	0.9972	544
-22.50	0.9972	544
-22.49	0.9972	543
-22.48	0.9972	543
-22.47	0.9972	543
-22.46	0.9972	543
-22.45	0.9972	543
-22.44	0.9972	543
-22.43	0.9972	543
-22.42	0.9972	543
-22.41	0.9972	543
-22.40	0.9972	543
-22.39	0.9972	542
-22.38	0.9972	542
-22.37	0.9972	542
-22.36	0.9972	542
-22.35	0.9972	542
-22.34	0.9972	542
-22.33	0.9972	542
-22.32	0.9972	542
-22.31	0.9972	542
-22.30	0.9972	541
-22.29	0.9972	541
-22.28	0.9972	541
-22.27	0.9972	541
-22.26	0.9972	541
-22.25	0.9972	541
-22.24	0.9972	541
-22.23	0.9972	541
-22.22	0.9972	541
-22.21	0.9972	540
-22.20	0.9972	540
-22.19	0.9972	540
-22.18	0.9972	540
-22.17	0.9970	540
-22.16	0.9970	540
-22.15	0.9970	540
-22.14	0.9970	540
-22.13	0.9970	540
-22.12	0.9970	540
-22.11	0.9970	539
-22.10	0.9970	539
-22.09	0.9970	539
-22.08	0.9970	539
-22.07	0.9970	539
-22.06	0.9970	539
-22.05	0.9970	539
-22.04	0.9970	539
-22.03	0.9970	539
-22.02	0.9970	538
-22.01	0.9970	538
-22.00	0.9970	538
-21.99	0.9970	538
-21.98	0.9970	538
-21.97	0.9969	538
-21.96	0.9969	538
-21.95	0.9969	538
-21.94	0.9969	538
-21.93	0.9969	537
-21.92	0.9969	537
-21.91	0.9969	537
-21.90	0.9969	537
-21.89	0.9969	537
-21.88	0.9969	537
-21.87	0.9969	537
-21.86	0.9969	537
-21.85	0.9969	537
-21.84	0.9969	536
-21.83	0.9969	536
-21.82	0.9969	536
-21.81	0.9969	536
-21.80	0.9969	536
-21.79	0.9969	536
-21.78	0.9969	536
-21.77	0.9969	536
-21.76	0.9969	536
-21.75	0.9969	536
-21.74	0.9969	535
-21.73	0.9969	535
-21.72	0.9969	535
-21.71	0.9969	535
-21.70	0.9969	535
-21.69	0.9969	535
-21.68	0.9968	535
-21.67	0.9968	535
-21.66	0.9968	534
-21.65	0.9968	534
-21.64	0.9967	534
-21.63	0.9967	534
-21.62	0.9967	534
-21.61	0.9967	534
-21.60	0.9967	534
-21.59	0.9967	534
-21.58	0.9967	534
-21.57	0.9967	533
-21.56	0.9967	533
-21.55	0.9967	533
-21.54	0.9967	533
-21.53	0.9967	533
-21.52	0.9967	533
-21.51	0.9967	533
-21.50	0.9967	533
-21.49	0.9967	533
-21.48	0.9967	533
-21.47	0.9967	532
-21.46	0.9967	532
-21.45	0.9967	532
-21.44	0.9967	532
-21.43	0.9967	532
-21.42	0.9967	532
-21.41	0.9965	532
-21.40	0.9965	532
-21.39	0.9965	532
-21.38	0.9965	531
-21.37	0.9965	531
-21.36	0.9965	531
-21.35	0.9965	531
-21.34	0.9965	531
-21.33	0.9965	531
-21.32	0.9965	531
-21.31	0.9965	531
-21.30	0.9965	530
-21.29	0.9965	530
-21.28	0.9965	530
-21.27	0.9965	530
-21.26	0.9965	530
-21.25	0.9965	530
-21.24	0.9965	530
-21.23	0.9965	530
-21.22	0.9965	530
-21.21	0.9965	529
-21.20	0.9965	529
-21.19	0.9965	529
-21.18	0.9965	529
-21.17	0.9965	529
-21.16	0.9965	529
-21.15	0.9965	529
-21.14	0.9965	529
-21.13	0.9965	529
-21.12	0.9965	528
-21.11	0.9965	528
-21.10	0.9965	528
-21.09	0.9965	528
-21.08	0.9965	528
-21.07	0.9965	528
-21.06	0.9965	528
-21.05	0.9965	528
-21.04	0.9965	528
-21.03	0.9964	527
-21.02	0.9964	527
-21.01	0.9964	527
-21.00	0.9964	527
-20.99	0.9963	527
-20.98	0.9963	527
-20.97	0.9963	527
-20.96	0.9963	527
-20.95	0.9962	527
-20.94	0.9962	526
-20.93	0.9962	526
-20.92	0.9962	526
-20.91	0.9962	526
-20.90	0.9962	526
-20.89	0.9962	526
-20.88	0.9962	526
-20.87	0.9962	526
-20.86	0.9962	526
-20.85	0.9962	525
-20.84	0.9962	525
-20.83	0.9962	525
-20.82	0.9962	525
-20.81	0.9962	525
-20.80	0.9962	525
-20.79	0.9962	525
-20.78	0.9961	525
-20.77	0.9961	524
-20.76	0.9961	524
-20.75	0.9961	524
-20.74	0.9961	524
-20.73	0.9961	524
-20.72	0.9961	524
-20.71	0.9961	524
-20.70	0.9961	524
-20.69	0.9961	524
-20.68	0.9961	523
-20.67	0.9961	523
-20.66	0.9961	523
-20.65	0.9961	523
-20.64	0.9959	523
-20.63	0.9959	523
-20.62	0.9958	523
-20.61	0.9958	523
-20.60	0.9958	523
-20.59	0.9958	522
-20.58	0.9958	522
-20.57	0.9958	522
-20.56	0.9957	522
-20.55	0.9957	522
-20.54	0.9957	522
-20.53	0.9957	522
-20.52	0.9957	522
-20.51	0.9957	521
-20.50	0.9957	521
-20.49	0.9957	521
-20.48	0.9957	521
-20.47	0.9957	521
-20.46	0.9957	521
-20.45	0.9957	521
-20.44	0.9957	521
-20.43	0.9957	521
-20.42	0.9957	520
-20.41	0.9957	520
-20.40	0.9957	520
-20.39	0.9957	520
-20.38	0.9957	520
-20.37	0.9957	520
-20.36	0.9957	520
-20.35	0.9957	520
-20.34	0.9957	520
-20.33	0.9957	519
-20.32	0.9956	519
-20.31	0.9956	519
-20.30	0.9956	519
-20.29	0.9956	519
-20.28	0.9956	519
-20.27	0.9956	519
-20.26	0.9956	519
-20.25	0.9956	518
-20.24	0.9956	518
-20.23	0.9956	518
-20.22	0.9956	518
-20.21	0.9956	518
-20.20	0.9956	518
-20.19	0.9956	518
-20.18	0.9956	518
-20.17	0.9956	518
-20.16	0.9956	517
-20.15	0.9954	517
-20.14	0.9954	517
-20.13	0.9954	517
-20.12	0.9954	517
-20.11	0.9954	517
-20.10	0.9954	517
-20.09	0.9954	517
-20.08	0.9954	516
-20.07	0.9954	516
-20.06	0.9954	516
-20.05	0.9954	516
-20.04	0.9954	516
-20.03	0.9954	516
-20.02	0.9954	516
-20.01	0.9954	516
-20.00	0.9954	515
-19.99	0.9954	515
-19.98	0.9954	515
-19.97	0.9954	515
-19.96	0.9954	515
-19.95	0.9954	515
-19.94	0.9954	515
-19.93	0.9954	515
-19.92	0.9954	515
-19.91	0.9954	514
-19.90	0.9954	514
-19.89	0.9954	514
-19.88	0.9954	514
-19.87	0.9954	514
-19.86	0.9954	514
-19.85	0.9954	514
-19.84	0.9953	514
-19.83	0.9953	514
-19.82	0.9953	513
-19.81	0.9952	513
-19.80	0.9952	513
-19.79	0.9952	513
-19.78	0.9952	513
-19.77	0.9952	513
-19.76	0.9952	513
-19.75	0.9952	513
-19.74	0.9952	512
-19.73	0.9952	512
-19.72	0.9952	512
-19.71	0.9952	512
-19.70	0.9952	512
-19.69	0.9952	512
-19.68	0.9952	512
-19.67	0.9952	512
-19.66	0.9952	512
-19.65	0.9952	511
-19.64	0.9952	511
-19.63	0.9952	511
-19.62	0.9952	511
-19.61	0.9951	511
-19.60	0.9951	511
-19.59	0.9951	511
-19.58	0.9951	511
-19.57	0.9951	510
-19.56	0.9951	510
-19.55	0.9951	510
-19.54	0.9951	510
-19.53	0.9951	510
-19.52	0.9951	510
-19.51	0.9951	510
-19.50	0.9949	510
-19.49	0.9949	509
-19.48	0.9949	509
-19.47	0.9949	509
-19.46	0.9949	509
-19.45	0.9949	509
-19.44	0.9949	509
-19.43	0.9949	509
-19.42	0.9949	509
-19.41	0.9949	509
-19.40	0.9949	508
-19.39	0.9949	508
-19.38	0.9949	508
-19.37	0.9949	508
-19.36	0.9949	508
-19.35	0.9949	508
-19.34	0.9949	508
-19.33	0.9949	508
-19.32	0.9949	507
-19.31	0.9949	507
-19.30	0.9949	507
-19.29	0.9949	507
-19.28	0.9949	507
-19.27	0.9949	507
-19.26	0.9949	507
-19.25	0.9949	507
-19.24	0.9949	506
-19.23	0.9949	506
-19.22	0.9948	506
-19.21	0.9948	506
-19.20	0.9947	506
-19.19	0.9947	506
-19.18	0.9947	506
-19.17	0.9947	506
-19.16	0.9947	505
-19.15	0.9947	505
-19.14	0.9947	505
-19.13	0.9947	505
-19.12	0.9947	505
-19.11	0.9947	505
-19.10	0.9947	505
-19.09	0.9947	505
-19.08	0.9947	505
-19.07	0.9947	504
-19.06	0.9947	504
-19.05	0.9947	504
-19.04	0.9947	504
-19.03	0.9947	504
-19.02	0.9947	504
-19.01	0.9947	504
-19.00	0.9947	504
-18.99	0.9947	503
-18.98	0.9947	503
-18.97	0.9947	503
-18.96	0.9947	503
-18.95	0.9947	503
-18.94	0.9947	503
-18.93	0.9947	503
-18.92	0.9947	503
-18.91	0.9947	502
-18.90	0.9947	502
-18.89	0.9947	502
-18.88	0.9947	502
-18.87	0.9947	502
-18.86	0.9947	502
-18.85	0.9947	502
-18.84	0.9947	502
-18.83	0.9947	501
-18.82	0.9947	501
-18.81	0.9947	501
-18.80	0.9947	501
-18.79	0.9947	501
-18.78	0.9947	501
-18.77	0.9947	501
-18.76	0.9947	501
-18.75	0.9947	500
-18.74	0.9947	500
-18.73	0.9947	500
-18.72	0.9947	500
-18.71	0.9947	500
-18.70	0.9947	500
-18.69	0.9947	500
-18.68	0.9947	500
-18.67	0.9947	499
-18.66	0.9947	499
-18.65	0.9947	499
-18.64	0.9947	499
-18.63	0.9946	499
-18.62	0.9946	499
-18.61	0.9946	499
-18.60	0.9946	499
-18.59	0.9946	498
-18.58	0.9946	498
-18.57	0.9946	498
-18.56	0.9946	498
-18.55	0.9945	498
-18.54	0.9943	498
-18.53	0.9942	498
-18.52	0.9942	498
-18.51	0.9942	497
-18.50	0.9942	497
-18.49	0.9942	497
-18.48	0.9942	497
-18.47	0.9942	497
-18.46	0.9942	497
-18.45	0.9942	497
-18.44	0.9942	497
-18.43	0.9942	496
-18.42	0.9941	496
-18.41	0.9941	496
-18.40	0.9941	496
-18.39	0.9941	496
-18.38	0.9941	496
-18.37	0.9941	496
-18.36	0.9941	496
-18.35	0.9941	495
-18.34	0.9941	495
-18.33	0.9941	495
-18.32	0.9941	495
-18.31	0.9941	495
-18.30	0.9941	495
-18.29	0.9941	495
-18.28	0.9941	495
-18.27	0.9941	494
-18.26	0.9941	494
-18.25	0.9940	494
-18.24	0.9940	494
-18.23	0.9940	494
-18.22	0.9940	494
-18.21	0.9940	494
-18.20	0.9940	494
-18.19	0.9940	493
-18.18	0.9940	493
-18.17	0.9940	493
-18.16	0.9940	493
-18.15	0.9940	493
-18.14	0.9940	493
-18.13	0.9940	493
-18.12	0.9940	493
-18.11	0.9940	492
-18.10	0.9940	492
-18.09	0.9940	492
-18.08	0.9940	492
-18.07	0.9940	492
-18.06	0.9940	492
-18.05	0.9940	492
-18.04	0.9940	492
-18.03	0.9940	491
-18.02	0.9940	491
-18.01	0.9940	491
-18.00	0.9940	491
-17.99	0.9940	491
-17.98	0.9938	491
-17.97	0.9938	491
-17.96	0.9938	490
-17.95	0.9938	490
-17.94	0.9938	490
-17.93	0.9938	490
-17.92	0.9938	490
-17.91	0.9938	490
-17.90	0.9938	490
-17.89	0.9938	490
-17.88	0.9938	489
-17.87	0.9938	489
-17.86	0.9938	489
-17.85	0.9938	489
-17.84	0.9938	489
-17.83	0.9938	489
-17.82	0.9938	489
-17.81	0.9937	489
-17.80	0.9937	488
-17.79	0.9937	488
-17.78	0.9937	488
-17.77	0.9937	488
-17.76	0.9937	488
-17.75	0.9937	488
-17.74	0.9937	488
-17.73	0.9937	488
-17.72	0.9937	487
-17.71	0.9937	487
-17.70	0.9936	487
-17.69	0.9936	487
-17.68	0.9936	487
-17.67	0.9936	487
-17.66	0.9936	487
-17.65	0.9936	487
-17.64	0.9936	486
-17.63	0.9936	486
-17.62	0.9936	486
-17.61	0.9936	486
-17.60	0.9936	486
-17.59	0.9936	486
-17.58	0.9936	486
-17.57	0.9936	485
-17.56	0.9936	485
-17.55	0.9936	485
-17.54	0.9936	485
-17.53	0.9935	485
-17.52	0.9935	485
-17.51	0.9935	485
-17.50	0.9935	485
-17.49	0.9935	484
-17.48	0.9935	484
-17.47	0.9935	484
-17.46	0.9935	484
-17.45	0.9935	484
-17.44	0.9935	484
-17.43	0.9935	484
-17.42	0.9935	484
-17.41	0.9935	483
-17.40	0.9935	483
-17.39	0.9935	483
-17.38	0.9933	483
-17.37	0.9933	483
-17.36	0.9933	483
-17.35	0.9933	483
-17.34	0.9933	482
-17.33	0.9933	482
-17.32	0.9933	482
-17.31	0.9932	482
-17.30	0.9932	482
-17.29	0.9932	482
-17.28	0.9932	482
-17.27	0.9932	482
-17.26	0.9932	481
-17.25	0.9932	481
-17.24	0.9932	481
-17.23	0.9932	481
-17.22	0.9932	481
-17.21	0.9932	481
-17.20	0.9932	481
-17.19	0.9932	480
-17.18	0.9932	480
-17.17	0.9932	480
-17.16	0.9932	480
-17.15	0.9932	480
-17.14	0.9932	480
-17.13	0.9932	480
-17.12	0.9931	480
-17.11	0.9931	479
-17.10	0.9931	479
-17.09	0.9931	479
-17.08	0.9931	479
-17.07	0.9931	479
-17.06	0.9931	479
-17.05	0.9931	479
-17.04	0.9930	478
-17.03	0.9930	478
-17.02	0.9928	478
-17.01	0.9928	478
-17.00	0.9928	478
-16.99	0.9928	478
-16.98	0.9928	478
-16.97	0.9928	478
-16.96	0.9928	477
-16.95	0.9928	477
-16.94	0.9928	477
-16.93	0.9928	477
-16.92	0.9928	477
-16.91	0.9928	477
-16.90	0.9928	477
-16.89	0.9928	476
-16.88	0.9928	476
-16.87	0.9928	476
-16.86	0.9928	476
-16.85	0.9928	476
-16.84	0.9928	476
-16.83	0.9928	476
-16.82	0.9928	476
-16.81	0.9928	475
-16.80	0.9928	475
-16.79	0.9928	475
-16.78	0.9928	475
-16.77	0.9928	475
-16.76	0.9927	475
-16.75	0.9926	475
-16.74	0.9926	474
-16.73	0.9926	474
-16.72	0.9926	474
-16.71	0.9926	474
-16.70	0.9926	474
-16.69	0.9926	474
-16.68	0.9926	474
-16.67	0.9925	474
-16.66	0.9925	473
-16.65	0.9925	473
-16.64	0.9925	473
-16.63	0.9925	473
-16.62	0.9924	473
-16.61	0.9924	473
-16.60	0.9924	473
-16.59	0.9924	472
-16.58	0.9922	472
-16.57	0.9922	472
-16.56	0.9922	472
-16.55	0.9922	472
-16.54	0.9922	472
-16.53	0.9922	472
-16.52	0.9922	472
-16.51	0.9922	471
-16.50	0.9922	471
-16.49	0.9922	471
-16.48	0.9922	471
-16.47	0.9922	471
-16.46	0.9922	471
-16.45	0.9922	471
-16.44	0.9922	470
-16.43	0.9922	470
-16.42	0.9922	470
-16.41	0.9922	470
-16.40	0.9922	470
-16.39	0.9922	470
-16.38	0.9922	470
-16.37	0.9922	469
-16.36	0.9922	469
-16.35	0.9922	469
-16.34	0.9922	469
-16.33	0.9922	469
-16.32	0.9922	469
-16.31	0.9922	469
-16.30	0.9922	468
-16.29	0.9922	468
-16.28	0.9922	468
-16.27	0.9922	468
-16.26	0.9922	468
-16.25	0.9922	468
-16.24	0.9922	468
-16.23	0.9922	468
-16.22	0.9922	467
-16.21	0.9922	467
-16.20	0.9922	467
-16.19	0.9922	467
-16.18	0.9922	467
-16.17	0.9922	467
-16.16	0.9922	467
-16.15	0.9922	466
-16.14	0.9922	466
-16.13	0.9922	466
-16.12	0.9922	466
-16.11	0.9922	466
-16.10	0.9922	466
-16.09	0.9922	466
-16.08	0.9922	465
-16.07	0.9922	465
-16.06	0.9922	465
-16.05	0.9922	465
-16.04	0.9922	465
-16.03	0.9922	465
-16.02	0.9922	465
-16.01	0.9922	464
-16.00	0.9922	464
-15.99	0.9922	464
-15.98	0.9922	464
-15.97	0.9922	464
-15.96	0.9921	464
-15.95	0.9921	464
-15.94	0.9921	464
-15.93	0.9921	463
-15.92	0.9921	463
-15.91	0.9921	463
-15.90	0.9921	463
-15.89	0.9921	463
-15.88	0.9921	463
-15.87	0.9921	463
-15.86	0.9921	462
-15.85	0.9921	462
-15.84	0.9921	462
-15.83	0.9921	462
-15.82	0.9921	462
-15.81	0.9920	462
-15.80	0.9920	462
-15.79	0.9920	461
-15.78	0.9920	461
-15.77	0.9920	461
-15.76	0.9919	461
-15.75	0.9919	461
-15.74	0.9919	461
-15.73	0.9919	461
-15.72	0.9919	460
-15.71	0.9919	460
-15.70	0.9917	460
-15.69	0.9917	460
-15.68	0.9917	460
-15.67	0.9917	460
-15.66	0.9916	460
-15.65	0.9916	459
-15.64	0.9916	459
-15.63	0.9916	459
-15.62	0.9916	459
-15.61	0.9916	459
-15.60	0.9916	459
-15.59	0.9916	459
-15.58	0.9916	458
-15.57	0.9916	458
-15.56	0.9916	458
-15.55	0.9916	458
-15.54	0.9916	458
-15.53	0.9915	458
-15.52	0.9915	458
-15.51	0.9915	457
-15.50	0.9915	457
-15.49	0.9915	457
-15.48	0.9915	457
-15.47	0.9915	457
-15.46	0.9915	457
-15.45	0.9915	456
-15.44	0.9915	456
-15.43	0.9915	456
-15.42	0.9915	456
-15.41	0.9915	456
-15.40	0.9915	456
-15.39	0.9915	456
-15.38	0.9915	456
-15.37	0.9915	455
-15.36	0.9915	455
-15.35	0.9915	455
-15.34	0.9915	455
-15.33	0.9915	455
-15.32	0.9915	455
-15.31	0.9915	454
-15.30	0.9915	454
-15.29	0.9915	454
-15.28	0.9915	454
-15.27	0.9915	454
-15.26	0.9915	454
-15.25	0.9915	454
-15.24	0.9915	453
-15.23	0.9915	453
-15.22	0.9915	453
-15.21	0.9915	453
-15.20	0.9915	453
-15.19	0.9915	453
-15.18	0.9915	453
-15.17	0.9915	452
-15.16	0.9915	452
-15.15	0.9915	452
-15.14	0.9915	452
-15.13	0.9915	452
-15.12	0.9915	452
-15.11	0.9915	452
-15.10	0.9915	451
-15.09	0.9915	451
-15.08	0.9915	451
-15.07	0.9915	451
-15.06	0.9915	451
-15.05	0.9915	451
-15.04	0.9915	451
-15.03	0.9915	450
-15.02	0.9915	450
-15.01	0.9915	450
-15.00	0.9915	450
-14.99	0.9915	450
-14.98	0.9915	450
-14.97	0.9915	449
-14.96	0.9915	449
-14.95	0.9915	449
-14.94	0.9915	449
-14.93	0.9915	449
-14.92	0.9915	449
-14.91	0.9915	449
-14.90	0.9915	448
-14.89	0.9915	448
-14.88	0.9915	448
-14.87	0.9915	448
-14.86	0.9915	448
-14.85	0.9915	448
-14.84	0.9915	448
-14.83	0.9915	447
-14.82	0.9915	447
-14.81	0.9915	447
-14.80	0.9915	447
-14.79	0.9915	447
-14.78	0.9915	447
-14.77	0.9915	447
-14.76	0.9915	446
-14.75	0.9915	446
-14.74	0.9915	446
-14.73	0.9915	446
-14.72	0.9915	446
-14.71	0.9915	446
-14.70	0.9915	446
-14.69	0.9915	445
-14.68	0.9915	445
-14.67	0.9915	445
-14.66	0.9915	445
-14.65	0.9915	445
-14.64	0.9915	445
-14.63	0.9914	444
-14.62	0.9914	444
-14.61	0.9914	444
-14.60	0.9914	444
-14.59	0.9914	444
-14.58	0.9912	444
-14.57	0.9912	444
-14.56	0.9912	443
-14.55	0.9912	443
-14.54	0.9912	443
-14.53	0.9912	443
-14.52	0.9912	443
-14.51	0.9912	443
-14.50	0.9912	443
-14.49	0.9912	442
-14.48	0.9912	442
-14.47	0.9912	442
-14.46	0.9912	442
-14.45	0.9912	442
-14.44	0.9912	442
-14.43	0.9912	441
-14.42	0.9911	441
-14.41	0.9911	441
-14.40	0.9911	441
-14.39	0.9911	441
-14.38	0.9911	441
-14.37	0.9911	441
-14.36	0.9911	440
-14.35	0.9911	440
-14.34	0.9911	440
-14.33	0.9911	440
-14.32	0.9911	440
-14.31	0.9911	440
-14.30	0.9911	439
-14.29	0.9911	439
-14.28	0.9911	439
-14.27	0.9911	439
-14.26	0.9911	439
-14.25	0.9910	439
-14.24	0.9910	439
-14.23	0.9910	438
-14.22	0.9910	438
-14.21	0.9910	438
-14.20	0.9910	438
-14.19	0.9910	438
-14.18	0.9910	438
-14.17	0.9910	437
-14.16	0.9910	437
-14.15	0.9910	437
-14.14	0.9910	437
-14.13	0.9910	437
-14.12	0.9910	437
-14.11	0.9910	437
-14.10	0.9910	436
-14.09	0.9910	436
-14.08	0.9910	436
-14.07	0.9910	436
-14.06	0.9910	436
-14.05	0.9910	436
-14.04	0.9910	436
-14.03	0.9910	435
-14.02	0.9910	435
-14.01	0.9910	435
-14.00	0.9910	435
-13.99	0.9910	435
-13.98	0.9910	435
-13.97	0.9910	434
-13.96	0.9910	434
-13.95	0.9910	434
-13.94	0.9910	434
-13.93	0.9910	434
-13.92	0.9910	434
-13.91	0.9910	434
-13.90	0.9910	433
-13.89	0.9910	433
-13.88	0.9910	433
-13.87	0.9909	433
-13.86	0.9909	433
-13.85	0.9909	433
-13.84	0.9909	432
-13.83	0.9909	432
-13.82	0.9909	432
-13.81	0.9908	432
-13.80	0.9908	432
-13.79	0.9908	432
-13.78	0.9908	431
-13.77	0.9908	431
-13.76	0.9908	431
-13.75	0.9908	431
-13.74	0.9908	431
-13.73	0.9908	431
-13.72	0.9908	431
-13.71	0.9908	430
-13.70	0.9908	430
-13.69	0.9908	430
-13.68	0.9908	430
-13.67	0.9908	430
-13.66	0.9906	430
-13.65	0.9906	429
-13.64	0.9906	429
-13.63	0.9906	429
-13.62	0.9906	429
-13.61	0.9906	429
-13.60	0.9906	429
-13.59	0.9906	428
-13.58	0.9906	428
-13.57	0.9906	428
-13.56	0.9906	428
-13.55	0.9905	428
-13.54	0.9905	428
-13.53	0.9905	428
-13.52	0.9905	427
-13.51	0.9905	427
-13.50	0.9905	427
-13.49	0.9905	427
-13.48	0.9905	427
-13.47	0.9905	427
-13.46	0.9905	426
-13.45	0.9905	426
-13.44	0.9905	426
-13.43	0.9904	426
-13.42	0.9904	426
-13.41	0.9904	426
-13.40	0.9904	425
-13.39	0.9904	425
-13.38	0.9904	425
-13.37	0.9904	425
-13.36	0.9904	425
-13.35	0.9904	425
-13.34	0.9904	425
-13.33	0.9904	424
-13.32	0.9904	424
-13.31	0.9904	424
-13.30	0.9904	424
-13.29	0.9904	424
-13.28	0.9904	424
-13.27	0.9904	423
-13.26	0.9904	423
-13.25	0.9904	423
-13.24	0.9904	423
-13.23	0.9904	423
-13.22	0.9904	423
-13.21	0.9904	422
-13.20	0.9904	422
-13.19	0.9904	422
-13.18	0.9904	422
-13.17	0.9903	422
-13.16	0.9903	422
-13.15	0.9903	421
-13.14	0.9903	421
-13.13	0.9903	421
-13.12	0.9903	421
-13.11	0.9903	421
-13.10	0.9903	421
-13.09	0.9903	420
-13.08	0.9903	420
-13.07	0.9903	420
-13.06	0.9903	420
-13.05	0.9903	420
-13.04	0.9903	420
-13.03	0.9903	419
-13.02	0.9903	419
-13.01	0.9903	419
-13.00	0.9903	419
-12.99	0.9903	419
-12.98	0.9901	419
-12.97	0.9901	418
-12.96	0.9901	418
-12.95	0.9901	418
-12.94	0.9901	418
-12.93	0.9901	418
-12.92	0.9901	418
-12.91	0.9901	417
-12.90	0.9901	417
-12.89	0.9901	417
-12.88	0.9901	417
-12.87	0.9901	417
-12.86	0.9901	417
-12.85	0.9901	416
-12.84	0.9900	416
-12.83	0.9900	416
-12.82	0.9899	416
-12.81	0.9899	416
-12.80	0.9899	416
-12.79	0.9899	415
-12.78	0.9899	415
-12.77	0.9899	415
-12.76	0.9899	415
-12.75	0.9899	415
-12.74	0.9899	415
-12.73	0.9899	415
-12.72	0.9899	414
-12.71	0.9899	414
-12.70	0.9899	414
-12.69	0.9898	414
-12.68	0.9896	414
-12.67	0.9895	414
-12.66	0.9895	413
-12.65	0.9895	413
-12.64	0.9895	413
-12.63	0.9895	413
-12.62	0.9895	413
-12.61	0.9894	413
-12.60	0.9894	412
-12.59	0.9894	412
-12.58	0.9894	412
-12.57	0.9894	412
-12.56	0.9894	412
-12.55	0.9894	412
-12.54	0.9894	411
-12.53	0.9894	411
-12.52	0.9893	411
-12.51	0.9893	411
-12.50	0.9893	411
-12.49	0.9893	410
-12.48	0.9893	410
-12.47	0.9893	410
-12.46	0.9891	410
-12.45	0.9891	410
-12.44	0.9891	410
-12.43	0.9891	409
-12.42	0.9891	409
-12.41	0.9891	409
-12.40	0.9891	409
-12.39	0.9891	409
-12.38	0.9891	409
-12.37	0.9891	408
-12.36	0.9891	408
-12.35	0.9890	408
-12.34	0.9889	408
-12.33	0.9889	408
-12.32	0.9889	408
-12.31	0.9889	407
-12.30	0.9889	407
-12.29	0.9889	407
-12.28	0.9889	407
-12.27	0.9889	407
-12.26	0.9889	407
-12.25	0.9889	406
-12.24	0.9889	406
-12.23	0.9889	406
-12.22	0.9889	406
-12.21	0.9889	406
-12.20	0.9889	405
-12.19	0.9889	405
-12.18	0.9888	405
-12.17	0.9888	405
-12.16	0.9888	405
-12.15	0.9888	405
-12.14	0.9888	404
-12.13	0.9888	404
-12.12	0.9888	404
-12.11	0.9887	404
-12.10	0.9885	404
-12.09	0.9885	404
-12.08	0.9885	403
-12.07	0.9885	403
-12.06	0.9885	403
-12.05	0.9885	403
-12.04	0.9884	403
-12.03	0.9884	403
-12.02	0.9884	402
-12.01	0.9884	402
-12.00	0.9884	402
-11.99	0.9884	402
-11.98	0.9884	402
-11.97	0.9884	402
-11.96	0.9884	401
-11.95	0.9883	401
-11.94	0.9883	401
-11.93	0.9883	401
-11.92	0.9882	401
-11.91	0.9882	400
-11.90	0.9882	400
-11.89	0.9882	400
-11.88	0.9882	400
-11.87	0.9882	400
-11.86	0.9882	400
-11.85	0.9882	399
-11.84	0.9882	399
-11.83	0.9880	399
-11.82	0.9880	399
-11.81	0.9880	399
-11.80	0.9880	399
-11.79	0.9880	398
-11.78	0.9879	398
-11.77	0.9879	398
-11.76	0.9879	398
-11.75	0.9878	398
-11.74	0.9878	397
-11.73	0.9878	397
-11.72	0.9878	397
-11.71	0.9878	397
-11.70	0.9877	397
-11.69	0.9877	397
-11.68	0.9877	396
-11.67	0.9877	396
-11.66	0.9877	396
-11.65	0.9877	396
-11.64	0.9877	396
-11.63	0.9877	396
-11.62	0.9877	395
-11.61	0.9877	395
-11.60	0.9877	395
-11.59	0.9877	395
-11.58	0.9877	395
-11.57	0.9877	394
-11.56	0.9877	394
-11.55	0.9877	394
-11.54	0.9877	394
-11.53	0.9877	394
-11.52	0.9877	394
-11.51	0.9877	393
-11.50	0.9877	393
-11.49	0.9877	393
-11.48	0.9877	393
-11.47	0.9877	393
-11.46	0.9877	392
-11.45	0.9877	392
-11.44	0.9877	392
-11.43	0.9877	392
-11.42	0.9877	392
-11.41	0.9877	392
-11.40	0.9877	391
-11.39	0.9877	391
-11.38	0.9877	391
-11.37	0.9875	391
-11.36	0.9875	391
-11.35	0.9875	390
-11.34	0.9875	390
-11.33	0.9875	390
-11.32	0.9875	390
-11.31	0.9875	390
-11.30	0.9875	390
-11.29	0.9874	389
-11.28	0.9874	389
-11.27	0.9873	389
-11.26	0.9873	389
-11.25	0.9873	389
-11.24	0.9873	388
-11.23	0.9873	388
-11.22	0.9873	388
-11.21	0.9873	388
-11.20	0.9873	388
-11.19	0.9873	388
-11.18	0.9873	387
-11.17	0.9873	387
-11.16	0.9873	387
-11.15	0.9872	387
-11.14	0.9871	387
-11.13	0.9868	386
-11.12	0.9867	386
-11.11	0.9866	386
-11.10	0.9864	386
-11.09	0.9862	386
-11.08	0.9862	386
-11.07	0.9861	385
-11.06	0.9861	385
-11.05	0.9859	385
-11.04	0.9859	385
-11.03	0.9859	385
-11.02	0.9859	384
-11.01	0.9859	384
-11.00	0.9859	384
-10.99	0.9859	384
-10.98	0.9859	384
-10.97	0.9859	383
-10.96	0.9859	383
-10.95	0.9859	383
-10.94	0.9859	383
-10.93	0.9859	383
-10.92	0.9858	383
-10.91	0.9858	382
-10.90	0.9858	382
-10.89	0.9858	382
-10.88	0.9857	382
-10.87	0.9856	382
-10.86	0.9856	381
-10.85	0.9856	381
-10.84	0.9856	381
-10.83	0.9855	381
-10.82	0.9855	381
-10.81	0.9855	380
-10.80	0.9855	380
-10.79	0.9855	380
-10.78	0.9853	380
-10.77	0.9853	380
-10.76	0.9852	380
-10.75	0.9852	379
-10.74	0.9852	379
-10.73	0.9852	379
-10.72	0.9852	379
-10.71	0.9852	379
-10.70	0.9852	378
-10.69	0.9851	378
-10.68	0.9851	378
-10.67	0.9851	378
-10.66	0.9851	378
-10.65	0.9851	377
-10.64	0.9851	377
-10.63	0.9851	377
-10.62	0.9851	377
-10.61	0.9851	377
-10.60	0.9851	377
-10.59	0.9851	376
-10.58	0.9851	376
-10.57	0.9851	376
-10.56	0.9851	376
-10.55	0.9851	376
-10.54	0.9851	375
-10.53	0.9851	375
-10.52	0.9851	375
-10.51	0.9851	375
-10.50	0.9851	375
-10.49	0.9851	374
-10.48	0.9851	374
-10.47	0.9850	374
-10.46	0.9850	374
-10.45	0.9850	374
-10.44	0.9850	373
-10.43	0.9850	373
-10.42	0.9850	373
-10.41	0.9850	373
-10.40	0.9848	373
-10.39	0.9847	373
-10.38	0.9847	372
-10.37	0.9847	372
-10.36	0.9847	372
-10.35	0.9846	372
-10.34	0.9845	372
-10.33	0.9843	371
-10.32	0.9843	371
-10.31	0.9843	371
-10.30	0.9843	371
-10.29	0.9843	371
-10.28	0.9843	370
-10.27	0.9843	370
-10.26	0.9843	370
-10.25	0.9843	370
-10.24	0.9843	370
-10.23	0.9843	369
-10.22	0.9841	369
-10.21	0.9841	369
-10.20	0.9841	369
-10.19	0.9841	369
-10.18	0.9841	368
-10.17	0.9841	368
-10.16	0.9841	368
-10.15	0.9841	368
-10.14	0.9841	368
-10.13	0.9840	367
-10.12	0.9840	367
-10.11	0.9840	367
-10.10	0.9840	367
-10.09	0.9840	367
-10.08	0.9840	366
-10.07	0.9838	366
-10.06	0.9838	366
-10.05	0.9838	366
-10.04	0.9838	366
-10.03	0.9837	365
-10.02	0.9837	365
-10.01	0.9837	365
-10.00	0.9837	365
-9.99	0.9837	365
-9.98	0.9837	364
-9.97	0.9837	364
-9.96	0.9837	364
-9.95	0.9837	364
-9.94	0.9837	364
-9.93	0.9837	363
-9.92	0.9837	363
-9.91	0.9837	363
-9.90	0.9837	363
-9.89	0.9837	363
-9.88	0.9837	362
-9.87	0.9837	362
-9.86	0.9837	362
-9.85	0.9836	362
-9.84	0.9836	362
-9.83	0.9836	361
-9.82	0.9836	361
-9.81	0.9836	361
-9.80	0.9836	361
-9.79	0.9836	361
-9.78	0.9834	360
-9.77	0.9834	360
-9.76	0.9832	360
-9.75	0.9832	360
-9.74	0.9832	360
-9.73	0.9831	359
-9.72	0.9831	359
-9.71	0.9831	359
-9.70	0.9831	359
-9.69	0.9831	359
-9.68	0.9831	358
-9.67	0.9831	358
-9.66	0.9831	358
-9.65	0.9831	358
-9.64	0.9831	358
-9.63	0.9830	357
-9.62	0.9830	357
-9.61	0.9829	357
-9.60	0.9829	357
-9.59	0.9829	357
-9.58	0.9829	356
-9.57	0.9829	356
-9.56	0.9829	356
-9.55	0.9829	356
-9.54	0.9829	356
-9.53	0.9829	355
-9.52	0.9829	355
-9.51	0.9827	355
-9.50	0.9827	355
-9.49	0.9827	354
-9.48	0.9827	354
-9.47	0.9827	354
-9.46	0.9827	354
-9.45	0.9827	354
-9.44	0.9826	353
-9.43	0.9826	353
-9.42	0.9825	353
-9.41	0.9825	353
-9.40	0.9825	353
-9.39	0.9825	352
-9.38	0.9825	352
-9.37	0.9824	352
-9.36	0.9822	352
-9.35	0.9822	352
-9.34	0.9822	351
-9.33	0.9822	351
-9.32	0.9822	351
-9.31	0.9822	351
-9.30	0.9822	351
-9.29	0.9822	350
-9.28	0.9822	350
-9.27	0.9822	350
-9.26	0.9822	350
-9.25	0.9822	349
-9.24	0.9822	349
-9.23	0.9822	349
-9.22	0.9822	349
-9.21	0.9822	349
-9.20	0.9822	348
-9.19	0.9822	348
-9.18	0.9821	348
-9.17	0.9821	348
-9.16	0.9821	348
-9.15	0.9820	347
-9.14	0.9820	347
-9.13	0.9820	347
-9.12	0.9819	347
-9.11	0.9819	347
-9.10	0.9819	346
-9.09	0.9819	346
-9.08	0.9818	346
-9.07	0.9818	346
-9.06	0.9818	345
-9.05	0.9815	345
-9.04	0.9814	345
-9.03	0.9814	345
-9.02	0.9814	345
-9.01	0.9814	344
-9.00	0.9814	344
-8.99	0.9814	344
-8.98	0.9814	344
-8.97	0.9814	343
-8.96	0.9814	343
-8.95	0.9814	343
-8.94	0.9814	343
-8.93	0.9814	343
-8.92	0.9814	342
-8.91	0.9813	342
-8.90	0.9813	342
-8.89	0.9813	342
-8.88	0.9811	342
-8.87	0.9810	341
-8.86	0.9810	341
-8.85	0.9810	341
-8.84	0.9810	341
-8.83	0.9810	340
-8.82	0.9810	340
-8.81	0.9810	340
-8.80	0.9809	340
-8.79	0.9808	340
-8.78	0.9808	339
-8.77	0.9808	339
-8.76	0.9808	339
-8.75	0.9808	339
-8.74	0.9808	338
-8.73	0.9806	338
-8.72	0.9806	338
-8.71	0.9806	338
-8.70	0.9805	338
-8.69	0.9805	337
-8.68	0.9804	337
-8.67	0.9804	337
-8.66	0.9804	337
-8.65	0.9804	336
-8.64	0.9804	336
-8.63	0.9804	336
-8.62	0.9804	336
-8.61	0.9804	336
-8.60	0.9804	335
-8.59	0.9801	335
-8.58	0.9801	335
-8.57	0.9801	335
-8.56	0.9800	334
-8.55	0.9800	334
-8.54	0.9800	334
-8.53	0.9800	334
-8.52	0.9799	334
-8.51	0.9798	333
-8.50	0.9798	333
-8.49	0.9797	333
-8.48	0.9797	333
-8.47	0.9795	332
-8.46	0.9794	332
-8.45	0.9794	332
-8.44	0.9793	332
-8.43	0.9792	332
-8.42	0.9790	331
-8.41	0.9790	331
-8.40	0.9789	331
-8.39	0.9789	331
-8.38	0.9789	330
-8.37	0.9789	330
-8.36	0.9788	330
-8.35	0.9788	330
-8.34	0.9788	329
-8.33	0.9785	329
-8.32	0.9785	329
-8.31	0.9785	329
-8.30	0.9785	329
-8.29	0.9784	328
-8.28	0.9784	328
-8.27	0.9782	328
-8.26	0.9781	328
-8.25	0.9781	327
-8.24	0.9781	327
-8.23	0.9781	327
-8.22	0.9781	327
-8.21	0.9781	327
-8.20	0.9781	326
-8.19	0.9781	326
-8.18	0.9781	326
-8.17	0.9781	326
-8.16	0.9781	325
-8.15	0.9781	325
-8.14	0.9781	325
-8.13	0.9781	325
-8.12	0.9779	324
-8.11	0.9779	324
-8.10	0.9779	324
-8.09	0.9779	324
-8.08	0.9778	323
-8.07	0.9778	323
-8.06	0.9778	323
-8.05	0.9778	323
-8.04	0.9777	323
-8.03	0.9777	322
-8.02	0.9777	322
-8.01	0.9777	322
-8.00	0.9773	322
-7.99	0.9772	321
-7.98	0.9771	321
-7.97	0.9769	321
-7.96	0.9769	321
-7.95	0.9769	320
-7.94	0.9769	320
-7.93	0.9767	320
-7.92	0.9767	320
-7.91	0.9767	319
-7.90	0.9766	319
-7.89	0.9766	319
-7.88	0.9766	319
-7.87	0.9766	318
-7.86	0.9766	318
-7.85	0.9764	318
-7.84	0.9763	318
-7.83	0.9762	318
-7.82	0.9761	317
-7.81	0.9761	317
-7.80	0.9761	317
-7.79	0.9760	317
-7.78	0.9760	316
-7.77	0.9760	316
-7.76	0.9760	316
-7.75	0.9758	316
-7.74	0.9758	315
-7.73	0.9758	315
-7.72	0.9758	315
-7.71	0.9756	315
-7.70	0.9755	314
-7.69	0.9755	314
-7.68	0.9755	314
-7.67	0.9755	314
-7.66	0.9755	313
-7.65	0.9755	313
-7.64	0.9755	313
-7.63	0.9755	313
-7.62	0.9755	312
-7.61	0.9753	312
-7.60	0.9753	312
-7.59	0.9752	312
-7.58	0.9752	311
-7.57	0.9751	311
-7.56	0.9751	311
-7.55	0.9750	311
-7.54	0.9748	310
-7.53	0.9747	310
-7.52	0.9747	310
-7.51	0.9747	310
-7.50	0.9747	309
-7.49	0.9747	309
-7.48	0.9747	309
-7.47	0.9747	309
-7.46	0.9747	308
-7.45	0.9746	308
-7.44	0.9746	308
-7.43	0.9745	308
-7.42	0.9744	307
-7.41	0.9742	307
-7.40	0.9742	307
-7.39	0.9742	307
-7.38	0.9741	306
-7.37	0.9739	306
-7.36	0.9739	306
-7.35	0.9739	306
-7.34	0.9739	305
-7.33	0.9739	305
-7.32	0.9739	305
-7.31	0.9739	305
-7.30	0.9739	304
-7.29	0.9739	304
-7.28	0.9739	304
-7.27	0.9739	304
-7.26	0.9739	303
-7.25	0.9739	303
-7.24	0.9739	303
-7.23	0.9739	303
-7.22	0.9739	302
-7.21	0.9739	302
-7.20	0.9739	302
-7.19	0.9739	302
-7.18	0.9739	301
-7.17	0.9739	301
-7.16	0.9739	301
-7.15	0.9736	301
-7.14	0.9736	300
-7.13	0.9736	300
-7.12	0.9736	300
-7.11	0.9734	300
-7.10	0.9734	299
-7.09	0.9734	299
-7.08	0.9732	299
-7.07	0.9732	299
-7.06	0.9732	298
-7.05	0.9731	298
-7.04	0.9731	298
-7.03	0.9731	297
-7.02	0.9730	297
-7.01	0.9730	297
-7.00	0.9729	297
-6.99	0.9729	296
-6.98	0.9726	296
-6.97	0.9726	296
-6.96	0.9726	296
-6.95	0.9725	295
-6.94	0.9721	295
-6.93	0.9720	295
-6.92	0.9720	295
-6.91	0.9720	294
-6.90	0.9720	294
-6.89	0.9719	294
-6.88	0.9719	294
-6.87	0.9719	293
-6.86	0.9719	293
-6.85	0.9719	293
-6.84	0.9719	292
-6.83	0.9719	292
-6.82	0.9719	292
-6.81	0.9719	292
-6.80	0.9719	291
-6.79	0.9719	291
-6.78	0.9718	291
-6.77	0.9716	291
-6.76	0.9716	290
-6.75	0.9716	290
-6.74	0.9716	290
-6.73	0.9716	290
-6.72	0.9716	289
-6.71	0.9716	289
-6.70	0.9716	289
-6.69	0.9715	289
-6.68	0.9715	288
-6.67	0.9715	288
-6.66	0.9715	288
-6.65	0.9715	287
-6.64	0.9715	287
-6.63	0.9714	287
-6.62	0.9714	287
-6.61	0.9713	286
-6.60	0.9711	286
-6.59	0.9711	286
-6.58	0.9709	285
-6.57	0.9708	285
-6.56	0.9707	285
-6.55	0.9704	285
-6.54	0.9704	284
-6.53	0.9703	284
-6.52	0.9703	284
-6.51	0.9703	284
-6.50	0.9703	283
-6.49	0.9703	283
-6.48	0.9703	283
-6.47	0.9703	282
-6.46	0.9703	282
-6.45	0.9703	282
-6.44	0.9700	282
-6.43	0.9700	281
-6.42	0.9700	281
-6.41	0.9700	281
-6.40	0.9699	280
-6.39	0.9698	280
-6.38	0.9697	280
-6.37	0.9695	280
-6.36	0.9694	279
-6.35	0.9694	279
-6.34	0.9692	279
-6.33	0.9692	278
-6.32	0.9692	278
-6.31	0.9691	278
-6.30	0.9689	278
-6.29	0.9687	277
-6.28	0.9686	277
-6.27	0.9686	277
-6.26	0.9686	276
-6.25	0.9686	276
-6.24	0.9684	276
-6.23	0.9684	276
-6.22	0.9684	275
-6.21	0.9684	275
-6.20	0.9684	275
-6.19	0.9683	274
-6.18	0.9683	274
-6.17	0.9682	274
-6.16	0.9679	274
-6.15	0.9679	273
-6.14	0.9679	273
-6.13	0.9679	273
-6.12	0.9678	272
-6.11	0.9678	272
-6.10	0.9677	272
-6.09	0.9676	272
-6.08	0.9674	271
-6.07	0.9674	271
-6.06	0.9673	271
-6.05	0.9672	270
-6.04	0.9671	270
-6.03	0.9671	270
-6.02	0.9671	269
-6.01	0.9671	269
-6.00	0.9670	269
-5.99	0.9668	269
-5.98	0.9668	268
-5.97	0.9666	268
-5.96	0.9666	268
-5.95	0.9666	267
-5.94	0.9665	267
-5.93	0.9663	267
-5.92	0.9663	267
-5.91	0.9663	266
-5.90	0.9662	266
-5.89	0.9660	266
-5.88	0.9660	265
-5.87	0.9660	265
-5.86	0.9656	265
-5.85	0.9655	264
-5.84	0.9654	264
-5.83	0.9652	264
-5.82	0.9651	264
-5.81	0.9649	263
-5.80	0.9647	263
-5.79	0.9647	263
-5.78	0.9645	262
-5.77	0.9645	262
-5.76	0.9644	262
-5.75	0.9644	261
-5.74	0.9644	261
-5.73	0.9642	261
-5.72	0.9641	260
-5.71	0.9640	260
-5.70	0.9639	260
-5.69	0.9639	260
-5.68	0.9637	259
-5.67	0.9637	259
-5.66	0.9637	259
-5.65	0.9634	258
-5.64	0.9633	258
-5.63	0.9633	258
-5.62	0.9630	257
-5.61	0.9629	257
-5.60	0.9623	257
-5.59	0.9619	256
-5.58	0.9618	256
-5.57	0.9617	256
-5.56	0.9617	255
-5.55	0.9615	255
-5.54	0.9615	255
-5.53	0.9614	254
-5.52	0.9612	254
-5.51	0.9612	254
-5.50	0.9610	253
-5.49	0.9610	253
-5.48	0.9604	253
-5.47	0.9604	253
-5.46	0.9604	252
-5.45	0.9604	252
-5.44	0.9604	252
-5.43	0.9603	251
-5.42	0.9602	251
-5.41	0.9602	251
-5.40	0.9600	250
-5.39	0.9599	250
-5.38	0.9598	250
-5.37	0.9594	249
-5.36	0.9591	249
-5.35	0.9588	249
-5.34	0.9588	248
-5.33	0.9588	248
-5.32	0.9586	248
-5.31	0.9586	247
-5.30	0.9584	247
-5.29	0.9580	247
-5.28	0.9578	246
-5.27	0.9578	246
-5.26	0.9576	246
-5.25	0.9575	245
-5.24	0.9571	245
-5.23	0.9566	245
-5.22	0.9565	244
-5.21	0.9564	244
-5.20	0.9562	244
-5.19	0.9554	243
-5.18	0.9552	243
-5.17	0.9549	243
-5.16	0.9544	242
-5.15	0.9541	242
-5.14	0.9531	242
-5.13	0.9529	241
-5.12	0.9528	241
-5.11	0.9527	241
-5.10	0.9525	240
-5.09	0.9525	240
-5.08	0.9525	240
-5.07	0.9524	239
-5.06	0.9522	239
-5.05	0.9519	239
-5.04	0.9518	238
-5.03	0.9517	238
-5.02	0.9513	238
-5.01	0.9512	237
-5.00	0.9509	237
-4.99	0.9507	237
-4.98	0.9506	236
-4.97	0.9503	236
-4.96	0.9498	236
-4.95	0.9498	235
-4.94	0.9494	235
-4.93	0.9491	234
-4.92	0.9485	234
-4.91	0.9482	234
-4.90	0.9482	233
-4.89	0.9480	233
-4.88	0.9477	233
-4.87	0.9470	232
-4.86	0.9469	232
-4.85	0.9467	232
-4.84	0.9461	231
-4.83	0.9459	231
-4.82	0.9454	231
-4.81	0.9451	230
-4.80	0.9450	230
-4.79	0.9448	230
-4.78	0.9446	229
-4.77	0.9443	229
-4.76	0.9436	228
-4.75	0.9434	228
-4.74	0.9430	228
-4.73	0.9428	227
-4.72	0.9427	227
-4.71	0.9425	227
-4.70	0.9423	226
-4.69	0.9420	226
-4.68	0.9419	226
-4.67	0.9418	225
-4.66	0.9417	225
-4.65	0.9416	224
-4.64	0.9414	224
-4.63	0.9413	224
-4.62	0.9409	223
-4.61	0.9408	223
-4.60	0.9408	223
-4.59	0.9404	222
-4.58	0.9403	222
-4.57	0.9400	221
-4.56	0.9398	221
-4.55	0.9396	221
-4.54	0.9391	220
-4.53	0.9388	220
-4.52	0.9388	220
-4.51	0.9386	219
-4.50	0.9385	219
-4.49	0.9380	218
-4.48	0.9377	218
-4.47	0.9374	218
-4.46	0.9370	217
-4.45	0.9366	217
-4.44	0.9359	217
-4.43	0.9356	216
-4.42	0.9355	216
-4.41	0.9354	215
-4.40	0.9349	215
-4.39	0.9342	215
-4.38	0.9337	214
-4.37	0.9330	214
-4.36	0.9329	213
-4.35	0.9324	213
-4.34	0.9322	213
-4.33	0.9317	212
-4.32	0.9316	212
-4.31	0.9311	211
-4.30	0.9302	211
-4.29	0.9296	211
-4.28	0.9289	210
-4.27	0.9280	210
-4.26	0.9277	209
-4.25	0.9271	209
-4.24	0.9269	209
-4.23	0.9266	208
-4.22	0.9263	208
-4.21	0.9261	207
-4.20	0.9259	207
-4.19	0.9253	207
-4.18	0.9250	206
-4.17	0.9244	206
-4.16	0.9234	205
-4.15	0.9228	205
-4.14	0.9219	205
-4.13	0.9215	204
-4.12	0.9211	204
-4.11	0.9207	203
-4.10	0.9201	203
-4.09	0.9197	203
-4.08	0.9189	202
-4.07	0.9184	202
-4.06	0.9179	201
-4.05	0.9175	201
-4.04	0.9173	200
-4.03	0.9164	200
-4.02	0.9160	200
-4.01	0.9153	199
-4.00	0.9150	199
-3.99	0.9144	198
-3.98	0.9134	198
-3.97	0.9131	197
-3.96	0.9122	197
-3.95	0.9115	197
-3.94	0.9109	196
-3.93	0.9102	196
-3.92	0.9097	195
-3.91	0.9091	195
-3.90	0.9083	195
-3.89	0.9076	194
-3.88	0.9072	194
-3.87	0.9067	193
-3.86	0.9060	193
-3.85	0.9053	192
-3.84	0.9051	192
-3.83	0.9046	191
-3.82	0.9035	191
-3.81	0.9021	191
-3.80	0.9011	190
-3.79	0.9007	190
-3.78	0.8998	189
-3.77	0.8991	189
-3.76	0.8989	188
-3.75	0.8984	188
-3.74	0.8980	187
-3.73	0.8975	187
-3.72	0.8969	187
-3.71	0.8964	186
-3.70	0.8958	186
-3.69	0.8954	185
-3.68	0.8947	185
-3.67	0.8938	184
-3.66	0.8928	184
-3.65	0.8922	183
-3.64	0.8917	183
-3.63	0.8906	182
-3.62	0.8894	182
-3.61	0.8887	181
-3.60	0.8872	181
-3.59	0.8862	180
-3.58	0.8845	180
-3.57	0.8838	180
-3.56	0.8831	179
-3.55	0.8827	179
-3.54	0.8821	178
-3.53	0.8815	178
-3.52	0.8808	177
-3.51	0.8800	177
-3.50	0.8795	176
-3.49	0.8789	176
-3.48	0.8782	175
-3.47	0.8771	175
-3.46	0.8764	174
-3.45	0.8747	174
-3.44	0.8734	173
-3.43	0.8727	173
-3.42	0.8716	172
-3.41	0.8709	172
-3.40	0.8702	171
-3.39	0.8693	171
-3.38	0.8683	170
-3.37	0.8677	170
-3.36	0.8670	169
-3.35	0.8661	169
-3.34	0.8649	168
-3.33	0.8636	168
-3.32	0.8625	167
-3.31	0.8615	167
-3.30	0.8605	166
-3.29	0.8593	166
-3.28	0.8587	165
-3.27	0.8571	165
-3.26	0.8561	164
-3.25	0.8554	164
-3.24	0.8546	163
-3.23	0.8539	163
-3.22	0.8525	162
-3.21	0.8509	161
-3.20	0.8501	161
-3.19	0.8485	160
-3.18	0.8470	160
-3.17	0.8456	159
-3.16	0.8446	159
-3.15	0.8440	158
-3.14	0.8427	158
-3.13	0.8411	157
-3.12	0.8402	157
-3.11	0.8392	156
-3.10	0.8379	155
-3.09	0.8363	155
-3.08	0.8349	154
-3.07	0.8330	154
-3.06	0.8319	153
-3.05	0.8306	153
-3.04	0.8291	152
-3.03	0.8280	151
-3.02	0.8271	151
-3.01	0.8258	150
-3.00	0.8249	150
-2.99	0.8231	149
-2.98	0.8216	149
-2.97	0.8197	148
-2.96	0.8179	147
-2.95	0.8165	147
-2.94	0.8150	146
-2.93	0.8141	146
-2.92	0.8122	145
-2.91	0.8105	144
-2.90	0.8084	144
-2.89	0.8064	143
-2.88	0.8038	142
-2.87	0.8025	142
-2.86	0.8009	141
-2.85	0.7996	141
-2.84	0.7983	140
-2.83	0.7965	139
-2.82	0.7938	139
-2.81	0.7917	138
-2.80	0.7901	137
-2.79	0.7882	137
-2.78	0.7869	136
-2.77	0.7852	135
-2.76	0.7829	135
-2.75	0.7810	134
-2.74	0.7783	133
-2.73	0.7761	133
-2.72	0.7741	132
-2.71	0.7723	131
-2.70	0.7695	131
-2.69	0.7662	130
-2.68	0.7645	129
-2.67	0.7615	129
-2.66	0.7581	128
-2.65	0.7552	127
-2.64	0.7536	126
-2.63	0.7506	126
-2.62	0.7481	125
-2.61	0.7455	124
-2.60	0.7425	124
-2.59	0.7397	123
-2.58	0.7374	122
-2.57	0.7354	122
-2.56	0.7328	121
-2.55	0.7291	120
-2.54	0.7264	119
-2.53	0.7228	119
-2.52	0.7197	118
-2.51	0.7158	117
-2.50	0.7127	116
-2.49	0.7101	116
-2.48	0.7080	115
-2.47	0.7064	114
-2.46	0.7035	113
-2.45	0.6999	113
-2.44	0.6970	112
-2.43	0.6935	111
-2.42	0.6904	110
-2.41	0.6873	110
-2.40	0.6834	109
-2.39	0.6801	108
-2.38	0.6764	107
-2.37	0.6724	106
-2.36	0.6702	105
-2.35	0.6677	105
-2.34	0.6647	104
-2.33	0.6618	103
-2.32	0.6566	102
-2.31	0.6519	101
-2.30	0.6472	100
-2.29	0.6429	99
-2.28	0.6398	98
-2.27	0.6344	97
-2.26	0.6300	96
-2.25	0.6249	95
-2.24	0.6196	94
-2.23	0.6163	93
-2.22	0.6110	93
-2.21	0.6070	92
-2.20	0.6018	91
-2.19	0.5947	90
-2.18	0.5905	89
-2.17	0.5851	88
-2.16	0.5798	86
-2.15	0.5742	85
-2.14	0.5686	84
-2.13	0.5630	83
-2.12	0.5566	82
-2.11	0.5499	81
-2.10	0.5451	80
-2.09	0.5395	79
-2.08	0.5349	78
-2.07	0.5296	76
-2.06	0.5217	75
-2.05	0.5150	74
-2.04	0.5076	72
-2.03	0.4984	71
-2.02	0.4920	70
-2.01	0.4834	69
-2.00	0.4761	67
-1.99	0.4688	66
-1.98	0.4634	65
-1.97	0.4561	64
-1.96	0.4485	62
-1.95	0.4427	61
-1.94	0.4354	60
-1.93	0.4279	58
-1.92	0.4219	57
-1.91	0.4134	56
-1.90	0.4063	54
-1.89	0.3989	53
-1.88	0.3920	52
-1.87	0.3848	50
-1.86	0.3739	49
-1.85	0.3652	47
-1.84	0.3559	46
-1.83	0.3464	44
-1.82	0.3335	43
-1.81	0.3243	41
-1.80	0.3166	40
-1.79	0.3095	39
-1.78	0.3009	38
-1.77	0.2936	36
-1.76	0.2871	35
-1.75	0.2801	34
-1.74	0.2721	33
-1.73	0.2630	32
-1.72	0.2541	30
-1.71	0.2457	29
-1.70	0.2377	28
-1.69	0.2271	27
-1.68	0.2201	26
-1.67	0.2131	25
-1.66	0.2063	24
-1.65	0.1975	23
-1.64	0.1909	22
-1.63	0.1835	21
-1.62	0.1755	20
-1.61	0.1683	19
-1.60	0.1621	18
-1.59	0.1554	17
-1.58	0.1483	16
-1.57	0.1400	15
-1.56	0.1329	14
-1.55	0.1273	13
-1.54	0.1227	12
-1.53	0.1160	12
-1.52	0.1110	11
-1.51	0.1059	10
-1.50	0.0993	9
-1.49	0.0938	9
-1.48	0.0899	8
-1.47	0.0863	8
-1.46	0.0810	7
-1.45	0.0777	7
-1.44	0.0734	6
-1.43	0.0681	6
-1.42	0.0628	5
-1.41	0.0570	5
-1.40	0.0528	4
-1.39	0.0491	4
-1.38	0.0441	3
-1.37	0.0406	3
-1.36	0.0365	3
-1.35	0.0337	2
-1.34	0.0302	2
-1.33	0.0271	2
-1.32	0.0234	2
-1.31	0.0203	1
-1.30	0.0179	1
-1.29	0.0141	1
-1.28	0.0112	0
-1.27	0.0084	0
-1.26	0.0062	0
-1.25	0.0053	0
-1.24	0.0049	0
-1.23	0.0046	0
-1.22	0.0038	0
-1.21	0.0026	0
-1.20	0.0023	0
-1.19	0.0020	0
-1.18	0.0015	0
-1.17	0.0009	0
-1.16	0.0009	0
-1.15	0.0007	0
-1.14	0.0005	0
-1.13	0.0004	0
-1.12	0.0000	0
-1.11	0.0000	0
-1.10	0.0000	0
-1.09	0.0000	0
-1.08	0.0000	0
-1.07	0.0000	0
-1.06	0.0000	0
-1.05	0.0000	0
-1.04	0.0000	0
-1.03	0.0000	0
-1.02	0.0000	0
-1.01	0.0000	0
-1.00	0.0000	0
